단지명,업체명,전화번호,종업원수,생산품,공장대표주소(도로명),공장대표주소(지번),업종명,관리기관,관리기관전화번호,데이터기준일자
원주태장농공단지, (주)이지메디텍,033-745-4677,2,렌즈소독기,"강원도 원주시 태장공단길 42-10, 1동 201호 (태장동, 원주의료기기센터)",강원도 원주시 태장동 1720-26번지,그 외 기타 의료용 기기 제조업,강원도 원주시,033-737-2982,2021-10-31
원주동화농공단지,(재)강원테크노파크,,1,,강원도 원주시 문막읍 동화공단로 130-2,강원도 원주시 문막읍 동화리 1642-5번지,비주거용 건물 임대업,강원도 원주시,033-737-2982,2021-10-31
원주동화농공단지,(재)박기범재단,,,전기,강원도 원주시 문막읍 동화공단로 101-3,강원도 원주시 문막읍 동화리 1665-3,태양력 발전업,강원도 원주시,033-737-2982,2021-10-31
원주문막지방산업단지,(주)8당,033-901-8181,40,보건용마스크,강원도 원주시 문막읍 문막공단길 188,강원도 원주시 문막읍 문막공단길 188,기타 직물제품 제조업,강원도 원주시,033-737-2982,2021-10-31
원주동화농공단지,(주)가인들세정,033-900-2037,2,마스크,"강원도 원주시 문막읍 동화공단로 107-1, F동",강원도 원주시 문막읍 동화리 1667-1 F동,그 외 기타 의료용 기기 제조업,강원도 원주시,033-737-2982,2021-10-31
원주태장농공단지,(주)가포생활건강,033-747-8267,35,"사지압박순환장치,전기마사지기","강원도 원주시 태장공단길 42-10, 1동 114, 125호 (태장동, 원주의료기기센터)",강원도 원주시 태장동 1720-26번지,그 외 기타 의료용 기기 제조업 외 1 종,강원도 원주시,033-737-2982,2021-10-31
원주태장농공단지,(주)갈렙,033-748-0433,6,의료용 세정기,"강원도 원주시 태장공단길 42-10 (태장동) 원주의료기기산업기술단지 3동 202호, 203호, 1동 121호","강원도 원주시 태장동 1720-26 원주의료기기산업기술단지 3동 202호, 203호, 1동 121호",그 외 기타 의료용 기기 제조업,강원도 원주시,033-737-2982,2021-10-31
원주태장농공단지,(주)경원이엔지,033-744-4240,2,"수위조절기, 염소투입기, 지하수보호공","강원도 원주시 태장공단길 42-1, 205호 (태장동)",강원도 원주시 태장동 1720-22번지 205호,배전반 및 전기 자동제어반 제조업 외 7 종,강원도 원주시,033-737-2982,2021-10-31
원주문막지방산업단지,(주)광덕에이앤티,033-731-0280,145,조향장치용 플라스틱 부품,강원도 원주시 문막읍 문막공단길 176,강원도 원주시 문막읍 반계리 2234번지,그 외 자동차용 신품 부품 제조업 외 3 종,강원도 원주시,033-737-2982,2021-10-31
원주문막농공단지,(주)광영,033-764-4414,4,"보안용카메라,영상감시장치,교통신호장치",강원도 원주시 문막읍 문막공단길 71,강원도 원주시 문막읍 반계리 2184번지,방송장비 제조업 외 1 종,강원도 원주시,033-737-2982,2021-10-31
원주동화농공단지,(주)굿플,16445866,71,"저주파자극기, 의료용진동기, 레이저조사기",강원도 원주시 문막읍 동화공단로 107,강원도 원주시 문막읍 동화리 1660-2번지,그 외 기타 의료용 기기 제조업 외 1 종,강원도 원주시,033-737-2982,2021-10-31
원주태장농공단지,(주)귀뚜라미 원주공장,033-734-3415,6,"보일러, 동체용접품",강원도 원주시 태장공단길 54-6 (태장동),강원도 원주시 태장동 1720-14번지,산업용 난방보일러 및 방열기 제조업 외 4 종,강원도 원주시,033-737-2982,2021-10-31
원주태장농공단지,(주)그랜드,033-734-0482,16,"교통신호기, 교통신호등,배전반, 조명장치,분전반, 제어반,cctv",강원도 원주시 태장공단길 59 (태장동),강원도 원주시 태장동 1720-4번지,배전반 및 전기 자동제어반 제조업 외 13 종,강원도 원주시,033-737-2982,2021-10-31
원주문막농공단지,(주)글로비젼,033-732-7327,7,LED조명기구,강원도 원주시 문막읍 문막공단길 226,강원도 원주시 문막읍 반계리 5-33번지,일반용 전기 조명장치 제조업,강원도 원주시,033-737-2982,2021-10-31
원주태장농공단지,(주)금강토탈디자인,033-745-8373,18,"알루미늄휀스, 체육시설",강원도 원주시 태장공단길 48 (태장동),강원도 원주시 태장동 1720-11번지,알루미늄주물 주조업 외 8 종,강원도 원주시,033-737-2982,2021-10-31
원주동화일반산업단지,(주)금성안전,033-743-8688,9,"금속재울타리,조립식구조물,도로교통안전시설물",강원도 원주시 문막읍 동화공단로 58-1,강원도 원주시 문막읍 동화리 1669-2번지,구조용 금속 판제품 및 공작물 제조업 외 6 종,강원도 원주시,033-737-2982,2021-10-31
원주태장농공단지,(주)네오닥터,033-734-1861,10,네오플런저,"강원도 원주시 태장공단길 42-10, 204호 (태장동)",강원도 원주시 태장동 1720-26번지,그 외 기타 의료용 기기 제조업,강원도 원주시,033-737-2982,2021-10-31
원주동화농공단지,(주)네오비젼,031-627-5527,48,"콘텍트렌즈,오존나이져",강원도 원주시 문막읍 동화공단로 129-1,강원도 원주시 문막읍 동화리 1667-5번지,안경 및 안경렌즈 제조업 외 1 종,강원도 원주시,033-737-2982,2021-10-31
원주동화농공단지,(주)누가의료기,033-730-0011,64,온열치료기,강원도 원주시 문막읍 동화공단로 84-1,강원도 원주시 문막읍 동화리 1642-10번지,그 외 기타 의료용 기기 제조업,강원도 원주시,033-737-2982,2021-10-31
원주동화농공단지,(주)누가의료기,033-730-0001,40,"온열치료기, x-ray",강원도 원주시 문막읍 동화리 1642-3 번지,강원도 원주시 문막읍 동화리 1642-3 번지,방사선 장치 제조업,강원도 원주시,033-737-2982,2021-10-31
원주태장농공단지,(주)뉴보텍,033-734-6001,48,"하수도관, PVC관, 친환경제설제",강원도 원주시 태장공단길 42-6 (태장동) 외 3필지,강원도 원주시 태장동 1720-28번지 외 3필지,"플라스틱 선, 봉, 관 및 호스 제조업 외 2 종",강원도 원주시,033-737-2982,2021-10-31
원주태장농공단지,(주)뉴보텍 제2공장,033-734-6001,21,"PVC관, PVC이음관","강원도 원주시 태장공단길 42-2 (태장동, 뉴보텍제2공장)",강원도 원주시 태장동 1720-23번지,"플라스틱 선, 봉, 관 및 호스 제조업 외 1 종",강원도 원주시,033-737-2982,2021-10-31
원주태장농공단지,(주)뉴보텍(본관),033-734-6001,51,플라스틱배관제,강원도 원주시 태장공단길 42-4 (태장동),강원도 원주시 태장동 1720-24번지,"플라스틱 선, 봉, 관 및 호스 제조업",강원도 원주시,033-737-2982,2021-10-31
원주문막지방산업단지,(주)다본오토모티브,033-732-7343,22,"엔진커버, 브레이크부품",강원도 원주시 문막읍 문막공단길 198 (일륭기공㈜문막공장),강원도 원주시 문막읍 반계리 2223번지,그 외 자동차용 신품 부품 제조업 외 3 종,강원도 원주시,033-737-2982,2021-10-31
원주태장농공단지,(주)다우메딕스,033-748-9211,18,요실금 수술용기구,"강원도 원주시 태장공단길 42-10, 원주의료기기산업기술단지 1 116호 (태장동)",강원도 원주시 태장동 1720-26번지,그 외 기타 의료용 기기 제조업,강원도 원주시,033-737-2982,2021-10-31
원주동화일반산업단지,(주)다함에스엘피,031-611-1780,,물류업,강원도 원주시 문막읍 동화공단로 85-7,강원도 원주시 문막읍 동화리 1680-7번지,일반 창고업,강원도 원주시,033-737-2982,2021-10-31
원주태장농공단지,(주)대금전기,033-747-5421,10,"형광등기구,수배전반,가로등,자동제어반","강원도 원주시 태장공단길 42-5 (태장동, (주)대금중전기)",강원도 원주시 태장동 1720-20번지,변압기 제조업 외 4 종,강원도 원주시,033-737-2982,2021-10-31
원주문막지방산업단지,(주)대우건설문막철구사업소,033-732-4173,,임대사업,강원도 원주시 문막읍 문막공단길 108 ((주)대우철구사업소) (총 3 필지) 외 2필지,강원도 원주시 문막읍 반계리 2238번지 외 2필지,비주거용 건물 임대업,강원도 원주시,033-737-2982,2021-10-31
원주문막지방산업단지,(주)대우에스티,033-810-5494,94,철구조물,강원도 원주시 문막읍 문막공단길 108 ((주)대우철구사업소),강원도 원주시 문막읍 반계리 2238번지,육상 금속 골조 구조재 제조업,강원도 원주시,033-737-2982,2021-10-31
원주문막농공단지,(주)대지수출포장,033-731-5914,17,"골판지, 골판지 상자",강원도 원주시 문막읍 문막공단길 215,강원도 원주시 문막읍 반계리 5-19번지,골판지 제조업 외 1 종,강원도 원주시,033-737-2982,2021-10-31
원주문막농공단지,(주)더마랩,033-732-7561,41,화장품원료(식물성추출물),강원도 원주시 문막읍 문막공단길 231 (문막읍),강원도 원주시 문막읍 반계리 5-6,화장품 제조업,강원도 원주시,033-737-2982,2021-10-31
원주문막지방산업단지,(주)데어리젠,033-732-8624,148,"우유, 치즈, 발효유",강원도 원주시 문막읍 문막공단길 170,강원도 원주시 문막읍 반계리 2233 번지,액상시유 및 기타 낙농제품 제조업 외 1 종,강원도 원주시,033-737-2982,2021-10-31
원주태장농공단지,(주)도원엔바이로,070-8833-6931,9,자외선살균기,"강원도 원주시 태장공단길 51, D동 2호 (태장동, 원주창업보육센터)",강원도 원주시 태장동 1720-38번지 원주창업보육센터 D동 2호,액체 여과기 제조업,강원도 원주시,033-737-2982,2021-10-31
원주문막지방산업단지,(주)동일수지,033-734-8560,22,스치로폼(건축용 보온단열재),강원도 원주시 문막읍 문막공단길 95,강원도 원주시 문막읍 반계리 2236-2번지,폴리스티렌 발포 성형제품 제조업 외 1 종,강원도 원주시,033-737-2982,2021-10-31
원주문막지방산업단지,(주)동일수지 제2공장,033-746-1049,,"스티로폴, 층간완충재",강원도 원주시 문막읍 문막공단길 187,강원도 원주시 문막읍 반계리 2236-6,폴리스티렌 발포 성형제품 제조업 외 1 종,강원도 원주시,033-737-2982,2021-10-31
원주태장농공단지,(주)동하,033-744-6880,4,"디자인형 울타리, LED경관조명기구, 기타조경시설물",강원도 원주시 태장공단길 42-1(태장동),강원도 원주시 태장동 1720-22,구조용 금속 판제품 및 공작물 제조업 외 2 종,강원도 원주시,033-737-2982,2021-10-31
원주동화농공단지,(주)드림터치메디,033-765-3666,3,목전용지압 마사지기기,강원도 원주시 문막읍 동화공단로 130-2,강원도 원주시 문막읍 동화리 1642-5번지,그 외 기타 의료용 기기 제조업,강원도 원주시,033-737-2982,2021-10-31
원주동화농공단지,(주)디메디,033-744-0174,9,의료용엑스선필름스캐너,"강원도 원주시 문막읍 동화공단로 130-2, 원주벤처프라자 209호",강원도 원주시 문막읍 동화리 1642-5번지 원주벤처프라자 209호,그 외 기타 의료용 기기 제조업,강원도 원주시,033-737-2982,2021-10-31
원주태장농공단지,(주)디엠에스,033-742-3210,14,"치과용 의료기기(애니체크,진지스타,닥터플란트)","강원도 원주시 태장공단길 42-10, 4동 107호,201호,202호 (태장동)","강원도 원주시 태장동 1720-26번지 4동 107호,201호,202호",전기식 진단 및 요법 기기 제조업 외 1 종,강원도 원주시,033-737-2982,2021-10-31
원주태장농공단지,(주)레디오스,033-734-1455,10,"led가로등, 가로등주",강원도 원주시 태장공단길 42-7 (태장동),강원도 원주시 태장동 1720-19,일반용 전기 조명장치 제조업 외 4 종,강원도 원주시,033-737-2982,2021-10-31
원주태장농공단지,(주)루하,033-904-0404,4,"세라믹 도막방수제, 방수시트",강원도 원주시 태장공단길 37(태장동),강원도 원주시 태장동 1720-40,일반용 도료 및 관련제품 제조업 외 1 종,강원도 원주시,033-737-2982,2021-10-31
원주동화농공단지,(주)리스템,033-740-8313,55,X선장치,강원도 원주시 문막읍 동화공단로 94 (총 2 필지),강원도 원주시 문막읍 동화리 1644-1번지,방사선 장치 제조업,강원도 원주시,033-737-2982,2021-10-31
원주동화농공단지,(주)리펙스,033-747-4499,6,마스크,강원도 원주시 문막읍 동화공단로 135-1,강원도 원주시 문막읍 동화리 1667-6,의료용품 및 기타 의약 관련제품 제조업,강원도 원주시,033-737-2982,2021-10-31
원주문막지방산업단지,(주)만도,033-730-6012,96,에어백,강원도 원주시 문막읍 문막공단길 119 (㈜만도원주제2공장),강원도 원주시 문막읍 반계리 2237번지,그 외 자동차용 신품 부품 제조업,강원도 원주시,033-737-2982,2021-10-31
원주문막농공단지,(주)만도,033-730-6012,1217,자동차부품(조향장치),강원도 원주시 문막읍 문막공단길 80 (㈜만도원주제1공장) 외 1필지,강원도 원주시 문막읍 반계리 5-22번지 외 1필지,그 외 자동차용 신품 부품 제조업 외 3 종,강원도 원주시,033-737-2982,2021-10-31
원주동화일반산업단지,(주)만앤휴멜코리아,033-760-4078,400,자동차용필터류,강원도 원주시 문막읍 동화공단로 77-1 (총 3 필지) 외 2필지,강원도 원주시 문막읍 동화리 1681-2번지 외 2필지,기체 여과기 제조업 외 1 종,강원도 원주시,033-737-2982,2021-10-31
원주동화농공단지,(주)메가메디칼,033-733-7330,37,이비인후과용진료장비,강원도 원주시 문막읍 동화공단로 110-1,강원도 원주시 문막읍 동화리 1647-2번지,그 외 기타 의료용 기기 제조업 외 2 종,강원도 원주시,033-737-2982,2021-10-31
원주태장농공단지,(주)메디룬,033-765-5739,1,"휴대용 생리통완화기, 비말차단마스크","강원도 원주시 태장공단길 42-10, 101호, 102호, 107호, 108호(태장동, 원주의료기기산업기술단지)","강원도 원주시 태장동 1720-26 원주의료기기산업기술단지 101호, 102호, 107호, 108호",그 외 기타 의료용 기기 제조업 외 1 종,강원도 원주시,033-737-2982,2021-10-31
원주동화농공단지,(주)메디아나,033-742-5407,121,"환자감시장치류, 심장충격기, 카테터, 보건용마스크",강원도 원주시 문막읍 동화공단로 132,강원도 원주시 문막읍 동화리 1650-1번지,전기식 진단 및 요법 기기 제조업 외 2 종,강원도 원주시,033-737-2982,2021-10-31
원주동화농공단지,(주)메디칼드림,031-796-5200,75,"안마의자,혈당혈압계등",강원도 원주시 문막읍 동화공단로 101,강원도 원주시 문막읍 동화리 1663-1번지,기타 가정용 전기기기 제조업 외 2 종,강원도 원주시,033-737-2982,2021-10-31
원주동화농공단지,(주)메디코넷,033-742-0240,11,고압산소챔버,강원도 원주시 문막읍 동화공단로 152,강원도 원주시 문막읍 동화리 1652-3번지,그 외 기타 의료용 기기 제조업,강원도 원주시,033-737-2982,2021-10-31
원주동화농공단지,(주)메딕콘,033-743-1291,4,여드름치료기,강원도 원주시 문막읍 동화공단로 130-2,강원도 원주시 문막읍 동화리 1642-5번지,그 외 기타 의료용 기기 제조업,강원도 원주시,033-737-2982,2021-10-31
원주태장농공단지,(주)메쉬,033-748-2704,5,"의료용 적외선 촬영장치, 체열진단기, 발열검사용 열화상/실화상 카메라","강원도 원주시 태장공단길 42-10, 원주의료기기기술단지 1동 107, 108호 (태장동)",강원도 원주시 태장동 1720-26번지,방사선 장치 제조업 외 2 종,강원도 원주시,033-737-2982,2021-10-31
원주태장농공단지,(주)메코비,033-733-1612,29,폴리디옥사논봉합사,"강원도 원주시 태장공단길 42-10 (태장동) 원주의료기기산업기술단지 3동 101,102,107,108호, 창고 3-1~6호","강원도 원주시 태장동 1720-26 원주의료기기산업기술단지 3동 101,102,107,108호, 창고 3-1~6호",의료용품 및 기타 의약 관련제품 제조업,강원도 원주시,033-737-2982,2021-10-31
원주동화농공단지,(주)미라클헬스케어,033-733-2914,8,EMS 제품,강원도 원주시 문막읍 동화공단로 130-2 101호,강원도 원주시 문막읍 동화리 1642-5 101호,그 외 기타 의료용 기기 제조업,강원도 원주시,033-737-2982,2021-10-31
원주동화일반산업단지,(주)미래텍,033-745-8600,9,"염소투입기, 수위조절기, 지하수상부보호공, 정수장비세트",강원도 원주시 문막읍 동화공단로 62-1,강원도 원주시 문막읍 동화리 1668-3,액체 펌프 제조업 외 4 종,강원도 원주시,033-737-2982,2021-10-31
원주동화농공단지,(주)바이오프로테크,033-735-7720,94,의료용 전극,강원도 원주시 문막읍 동화공단로 151-3 (총 2 필지),강원도 원주시 문막읍 동화리 1654-7번지,그 외 기타 의료용 기기 제조업 외 1 종,강원도 원주시,033-737-2982,2021-10-31
원주동화일반산업단지,(주)밴트랙코리아,033-746-3999,4,트랙터,강원도 원주시 문막읍 동화공단로 62 ((주)카멕스이엠),강원도 원주시 문막읍 동화리 1671-2번지 (주)카멕스이엠,농업 및 임업용 기계 제조업,강원도 원주시,033-737-2982,2021-10-31
원주동화농공단지,(주)보성메디텍,033-735-2623,8,"일회용 채혈침, 일회용 채혈기","강원도 원주시 문막읍 동화공단로 107, F동 2층",강원도 원주시 문막읍 동화리 1660-2번지 F동 2층,그 외 기타 의료용 기기 제조업,강원도 원주시,033-737-2982,2021-10-31
원주태장농공단지,(주)비엔텍,033-732-1772,3,"LED 조명장치, 볼라드, 조형물","강원도 원주시 태장공단길 51, A-102 (태장동, 원주창업보육센터)",강원도 원주시 태장동 1720-38번지 원주창업보육센터 A-102,일반용 전기 조명장치 제조업 외 2 종,강원도 원주시,033-737-2982,2021-10-31
원주문막농공단지,(주)비인더스트리,070-7864-2004,2,안전매트,"강원도 원주시 문막공단길 53, 1층 (문막읍)",강원도 원주시 문막읍 반계리 5-18번지 1층,기타 플라스틱 발포 성형제품 제조업 외 1 종,강원도 원주시,033-737-2982,2021-10-31
원주태장농공단지,(주)사이언씨티,033-746-6954,4,튜빈팩,"강원도 원주시 태장공단길 42-10, 101,102,107,108호 (태장동, 원주의료기기센터)","강원도 원주시 태장동 1720-26번지 원주의료기기센터 101,102,107,108호",그 외 기타 의료용 기기 제조업,강원도 원주시,033-737-2982,2021-10-31
원주우산일반산업단지,(주)삼양T.H.S,033-740-8200,30,수산물 냉동보관,"강원도 원주시 우산로 177 (우산동, 삼양식품공장)",강원도 원주시 우산동 390 번지,수산동물 냉동품 제조업,강원도 원주시,033-737-2982,2021-10-31
원주태장농공단지,(주)삼원포장,033-734-9605,5,골판지상자,"강원도 원주시 태장공단길 42-9 (태장동, 삼원포장)",강원도 원주시 태장동 1720-18번지,골판지 제조업 외 1 종,강원도 원주시,033-737-2982,2021-10-31
원주태장농공단지,(주)삼정에스비티,033-764-2356,5,"스테인레스물탱크 및 관련 부품, 배관연결장치 부속부품",강원도 원주시 태장공단길 54-3 (태장동) 외 1필지,강원도 원주시 태장동 1720-8번지 외 1필지,금속탱크 및 저장용기 제조업 외 2 종,강원도 원주시,033-737-2982,2021-10-31
원주우산일반산업단지,(주)상호맘,033-746-5876,18,닭정육,"강원도 원주시 우산공단길 26, 1동 2호(우산동)",강원도 원주시 우산동 333-6 1동 2호,가금류 가공 및 저장 처리업,강원도 원주시,033-737-2982,2021-10-31
원주우산일반산업단지,(주)서진텍,033-813-2015,22,에어백,강원도 원주시 우두산길 7 (우산동),강원도 원주시 우산동 405-6번지,그 외 자동차용 신품 부품 제조업,강원도 원주시,033-737-2982,2021-10-31
원주동화농공단지,(주)서흥메가텍,033-744-3600,16,저주파치료기,"강원도 원주시 문막읍 동화공단로 147-1, 동화의료기기생산공장6-15호",강원도 원주시 문막읍 동화리 1667-7번지 동화의료기기생산공장6-15호,그 외 기타 의료용 기기 제조업,강원도 원주시,033-737-2982,2021-10-31
원주태장농공단지,(주)선인산업,033-747-4965,1,금속제울타리,"강원도 원주시 태장공단길 51, D동 4호(태장동, 원주창업보육센터)",강원도 원주시 태장동 1720-38 원주창업보육센터 D동 4호,구조용 금속 판제품 및 공작물 제조업,강원도 원주시,033-737-2982,2021-10-31
원주태장농공단지,(주)선진건설안전,033-745-4680,4,디자인휀스,강원도 원주시 태장공단길 54-3 (태장동),강원도 원주시 태장동 1720-8번지,구조용 금속 판제품 및 공작물 제조업,강원도 원주시,033-737-2982,2021-10-31
원주태장농공단지,(주)선진티앤씨,033-745-4680,5,"도로표지판, 금속조립구조물, 버스승강장, 목재 판재",강원도 원주시 태장공단길 54-3 (태장동),강원도 원주시 태장동 1720-8번지,금속 표시판 제조업 외 3 종,강원도 원주시,033-737-2982,2021-10-31
원주태장농공단지,(주)성원엠엔디,033-748-8799,5,"금속창호, 금속구조물, 금속재울타리, 공원체육시설, 경관조명기구","강원도 원주시 태장공단길 51, D-3 (태장동, 원주창업보육센터)",강원도 원주시 태장동 1720-38번지 원주창업보육센터 D-3,"금속 문, 창, 셔터 및 관련제품 제조업 외 13 종",강원도 원주시,033-737-2982,2021-10-31
원주태장농공단지,(주)세명,033-735-3248,4,"온열환부보호대, 방염커튼","강원도 원주시 태장공단길 42-10, 2동 202호 (태장동, 원주의료기기센터)",강원도 원주시 태장동 1720-26번지,그 외 기타 의료용 기기 제조업 외 1 종,강원도 원주시,033-737-2982,2021-10-31
원주태장농공단지,(주)세원,033-734-7200,29,오일휠타,"강원도 원주시 태장공단길 53 (태장동, (주)세원)",강원도 원주시 태장동 1720-34번지,기체 여과기 제조업 외 1 종,강원도 원주시,033-737-2982,2021-10-31
원주태장농공단지,(주)세원(2공장),033-734-7200,58,자동차용휠타류,강원도 원주시 태장공단길 49 (태장동),강원도 원주시 태장동 1720-37번지,자동차 엔진용 신품 부품 제조업 외 1 종,강원도 원주시,033-737-2982,2021-10-31
원주동화일반산업단지,(주)세정테크,033-744-2037,15,오일필터,강원도 원주시 문막읍 동화공단로 52,강원도 원주시 문막읍 동화리 1671-4번지,그 외 자동차용 신품 부품 제조업 외 3 종,강원도 원주시,033-737-2982,2021-10-31
원주동화농공단지,(주)소닉월드,033-813-1813,22,"의료용진동기, 범용진동운동기기",강원도 원주시 문막읍 동화공단로 131,강원도 원주시 문막읍 동화리 1660-1번지,그 외 기타 의료용 기기 제조업 외 2 종,강원도 원주시,033-737-2982,2021-10-31
원주동화일반산업단지,(주)소룩스,033-670-8200,16,조명기구,강원도 원주시 문막읍 동화공단로 68,강원도 원주시 문막읍 동화리 1671-1번지,일반용 전기 조명장치 제조업,강원도 원주시,033-737-2982,2021-10-31
원주문막농공단지,(주)소연메디칼,033-743-7302,13,"의료용가온가습기,HEATED CIRCUIT",강원도 원주시 문막읍 문막공단길 222,강원도 원주시 문막읍 반계리 5-14번지,의료용품 및 기타 의약 관련제품 제조업,강원도 원주시,033-737-2982,2021-10-31
원주태장농공단지,(주)수메디칼,02-518-1817,2,압박용밴드,"강원도 원주시 태장공단길 42-10, 1동 208호 (태장동, 원주의료기기센터)",강원도 원주시 태장동 1720-26번지 원주의료기기센터 1동 208호,그 외 기타 의료용 기기 제조업,강원도 원주시,033-737-2982,2021-10-31
원주태장농공단지,(주)스타토건,033-764-8234,3,"배합모르타르, 볼트, 앵커, 락볼트, 네일링","강원도 원주시 태장공단길 54-2 (태장동, (주)아신)",강원도 원주시 태장동 1720-12번지 (주)아신,볼트 및 너트류 제조업 외 6 종,강원도 원주시,033-737-2982,2021-10-31
원주문막농공단지,(주)스페이스업,033-743-0640,7,천막 및 기타 캔버스 제품,강원도 원주시 문막읍 문막공단길 71,강원도 원주시 문막읍 반계리 2184번지,"천막, 텐트 및 유사 제품 제조업 외 7 종",강원도 원주시,033-737-2982,2021-10-31
원주태장농공단지,(주)시원그리드,033-733-1980,3,토목용섬유,강원도 원주시 태장공단길 59 (태장동),강원도 원주시 태장동 1720-4번지,플라스틱 필름 제조업 외 1 종,강원도 원주시,033-737-2982,2021-10-31
원주동화일반산업단지,(주)신우하이텍,033-744-9361,45,lpgi filter ass'y,강원도 원주시 문막읍 동화공단로 85-8,강원도 원주시 문막읍 동화리 1680-8번지,액체 여과기 제조업,강원도 원주시,033-737-2982,2021-10-31
원주문막농공단지,(주)신화이엔지,033-731-9967,7,자동차부품,강원도 원주시 문막읍 문막공단길 228,강원도 원주시 문막읍 반계리 5-15번지,그 외 자동차용 신품 부품 제조업 외 3 종,강원도 원주시,033-737-2982,2021-10-31
원주태장농공단지,(주)신화푸드,033-747-7100,8,"돈까스, 미트볼, 치즈볼, 갈비탕",강원도 원주시 태장공단길 54-10 (태장동),강원도 원주시 태장동 1720-15번지,육류 기타 가공 및 저장처리업 (가금류 제외) 외 4 종,강원도 원주시,033-737-2982,2021-10-31
원주동화농공단지,(주)신흥엠에스티,033-730-1902,,치과임플란트,강원도 원주시 문막읍 동화공단로 110-2,강원도 원주시 문막읍 동화리 1642-8번지,정형외과용 및 신체보정용 기기 제조업,강원도 원주시,033-737-2982,2021-10-31
원주태장농공단지,(주)씨에스텍,033-734-6931,5,"리튬1,2차분리막","강원도 원주시 태장공단길 41 (태장동, (주)제이씨텍)",강원도 원주시 태장동 1720-46번지,플라스틱 필름 제조업 외 1 종,강원도 원주시,033-737-2982,2021-10-31
원주동화농공단지,(주)씨유메디칼시스템,033-747-7657,102,심장충격기,강원도 원주시 문막읍 동화공단로 130-1,강원도 원주시 문막읍 동화리 1647-1번지,전기식 진단 및 요법 기기 제조업,강원도 원주시,033-737-2982,2021-10-31
원주태장농공단지,(주)아신,033-734-6562,6,"액체여과기, 산업용펌프, 무대기계, 지하수관련기계","강원도 원주시 태장공단길 54-2 (태장동, (주)아신)",강원도 원주시 태장동 1720-12번지,액체 여과기 제조업 외 8 종,강원도 원주시,033-737-2982,2021-10-31
원주동화농공단지,(주)아이센스 원주공장,033-903-0700,35,혈당측정기,강원도 원주시 문막읍 동화공단로 94-1 (㈜아이센스동화생산시설),강원도 원주시 문막읍 동화리 1642-9번지,"물질 검사, 측정 및 분석기구 제조업 외 1 종",강원도 원주시,033-737-2982,2021-10-31
원주태장농공단지,(주)애드테크,033-743-5200,3,"LED전광판, LED조명",강원도 원주시 태장공단길 42-1 (태장동) 2층,강원도 원주시 태장동 1720-22 2층,전시 및 광고용 조명장치 제조업,강원도 원주시,033-737-2982,2021-10-31
원주태장농공단지,(주)에보소닉,033-747-8587,16,이미용기기(맛사지기기),"강원도 원주시 태장공단길 42-10, 1동 205호, 104호, 118호 (태장동, 원주의료기기센터)","강원도 원주시 태장동 1720-26번지 원주의료기기센터 1동 205호, 104호, 118호",그 외 기타 의료용 기기 제조업,강원도 원주시,033-737-2982,2021-10-31
원주태장농공단지,(주)에스에이치엘,033-747-1434,13,윤활유,강원도 원주시 태장공단길 56 (태장동),강원도 원주시 태장동 1720-10번지,윤활유 및 그리스 제조업,강원도 원주시,033-737-2982,2021-10-31
원주태장농공단지,(주)에스전력공사,033-765-2459,6,"금속구조물, 태양광발전장치","강원도 원주시 태장공단길 51, D동 5호(태장동, 원주창업보육센터)",강원도 원주시 태장동 1720-38 원주창업보육센터 D동 5호,전동기 및 발전기 제조업 외 1 종,강원도 원주시,033-737-2982,2021-10-31
원주동화농공단지,(주)에이블디자인스,033-762-0420,6,"보조공학기기, 재활또는치료용부하운동기구","강원도 원주시 문막읍 동화공단로 130-2, 202호, 203호","강원도 원주시 문막읍 동화리 1642-5번지 202호, 203호",의료용 가구 제조업 외 1 종,강원도 원주시,033-737-2982,2021-10-31
원주태장농공단지,(주)에이치비오티메디칼,033-737-0106,2,산소챔버,"강원도 원주시 태장공단길 42-10, 4동 101호 (태장동)",강원도 원주시 태장동 1720-26번지 4동 101호,그 외 기타 의료용 기기 제조업,강원도 원주시,033-737-2982,2021-10-31
원주태장농공단지,(주)에이텍,033-762-8822,6,"감시용카메라, 배전반 및 전기자동제어반, 차량검지기",강원도 원주시 태장공단길 59 (태장동),강원도 원주시 태장동 1720-4번지,방송장비 제조업 외 4 종,강원도 원주시,033-737-2982,2021-10-31
원주태장농공단지,(주)에코,033-742-6060,3,플라스틱 배관제,강원도 원주시 태장공단길 42-4 (태장동),강원도 원주시 태장동 1720-24번지,"플라스틱 선, 봉, 관 및 호스 제조업",강원도 원주시,033-737-2982,2021-10-31
원주태장농공단지,(주)엑스엘,070-7767-3583,10,엑스선발생장치,"강원도 원주시 태장공단길 42-10, 4동 106호 (태장동, 원주의료기기센터)",강원도 원주시 태장동 1720-26번지,방사선 장치 제조업,강원도 원주시,033-737-2982,2021-10-31
원주태장농공단지,(주)엘에스지,033-748-0591,16,"양면테이프,청소용테이프,접착지",강원도 원주시 태장공단길 37(태장동),강원도 원주시 태장동 1720-40,일반철물 제조업 외 24 종,강원도 원주시,033-737-2982,2021-10-31
원주동화일반산업단지,(주)엠에스그리드,033-737-8380,12,"변압기, 개폐기",강원도 원주시 문막읍 동화공단로 32,강원도 원주시 문막읍 동화리 1672-3번지,변압기 제조업 외 1 종,강원도 원주시,033-737-2982,2021-10-31
원주태장농공단지,(주)엠큐어,033-734-5970,27,자동약물 주입기,"강원도 원주시 태장공단길 42-10, 의료기기산업단지 4동 203호, 208호, 209호 (태장동)","강원도 원주시 태장동 1720-26번지 의료기기산업단지 4동 203호, 208호, 209호",그 외 기타 의료용 기기 제조업,강원도 원주시,033-737-2982,2021-10-31
원주태장농공단지,(주)영진,033-742-3351,5,"CCTV카메라, 스피커, 오디오엠프, 오디오믹서 등",강원도 원주시 태장공단길 42-1 (태장동),강원도 원주시 태장동 1720-22,방송장비 제조업 외 1 종,강원도 원주시,033-737-2982,2021-10-31
원주문막지방산업단지,(주)영화제이,033-732-5530,11,물엿,강원도 원주시 문막읍 문막공단길 103 (㈜영화제이공장),강원도 원주시 문막읍 반계리 2236-4번지,전분제품 및 당류 제조업,강원도 원주시,033-737-2982,2021-10-31
원주문막농공단지,(주)오스코리아제약,033-731-2801,41,조영제,강원도 원주시 문막읍 문막공단길 252,강원도 원주시 문막읍 반계리 5-7번지,완제 의약품 제조업,강원도 원주시,033-737-2982,2021-10-31
원주문막농공단지,(주)오코헬스케어,033-731-2805,30,보건용마스크,강원도 원주시 문막읍 문막공단길 250,강원도 원주시 문막읍 문막공단길 250,기타 직물제품 제조업,강원도 원주시,033-737-2982,2021-10-31
원주태장농공단지,(주)오토메이션,033-735-7767,5,"계장(계측)제어장치, 자동제어반, 유량계, 프로세스제어반","강원도 원주시 태장공단길 51, C동 3호 (태장동, 원주창업보육센터)",강원도 원주시 태장동 1720-38번지 원주창업보육센터 C동 3호,배전반 및 전기 자동제어반 제조업 외 2 종,강원도 원주시,033-737-2982,2021-10-31
원주문막농공단지,(주)오토테크,033-732-3702,40,자동차조향장치,강원도 원주시 문막읍 문막공단길 248,강원도 원주시 문막읍 반계리 5-11번지,그 외 자동차용 신품 부품 제조업 외 3 종,강원도 원주시,033-737-2982,2021-10-31
원주동화농공단지,(주)옵토바이오메드,033-742-6015,5,"피부영상분석시스템,편광확대경",강원도 원주시 문막읍 동화공단로 152,강원도 원주시 문막읍 동화리 1652-3번지,기타 광학기기 제조업,강원도 원주시,033-737-2982,2021-10-31
원주태장농공단지,(주)와이에이테크,,2,"전기자동제어반, 배전반",강원도 원주시 태장공단길 59 (태장동) 비동,강원도 원주시 태장동 1720-4 비동,배전반 및 전기 자동제어반 제조업,강원도 원주시,033-737-2982,2021-10-31
원주태장농공단지,(주)우리이엔지,033-734-0697,3,"자동제어반, 전기자동제어반",강원도 원주시 태장공단길 59 (태장동),강원도 원주시 태장동 1720-4번지,배전반 및 전기 자동제어반 제조업,강원도 원주시,033-737-2982,2021-10-31
원주태장농공단지,(주)우진,033-761-4243,11,"LED조명, LED신호등, LED가로등, LED보안등, 배전반, 자동제어반, 태양광발전장치,태양광가로등,전광판, 태양광",강원도 원주시 태장공단길 50 (태장동),강원도 원주시 태장동 1720-61번지,일반용 전기 조명장치 제조업 외 13 종,강원도 원주시,033-737-2982,2021-10-31
원주동화농공단지,(주)원앙의료기,033-742-4221,12,개인용조합자극기,강원도 원주시 문막읍 동화공단로 84-1,강원도 원주시 문막읍 동화리 1642-10번지,그 외 기타 의료용 기기 제조업,강원도 원주시,033-737-2982,2021-10-31
원주동화농공단지,(주)윌트리,033-900-1223,4,"저주파치료기, 적외선조사기","강원도 원주시 문막읍 동화공단로 130-2, 2동 201호",강원도 원주시 문막읍 동화리 1642-5번지 2동 201호,전기식 진단 및 요법 기기 제조업,강원도 원주시,033-737-2982,2021-10-31
원주동화농공단지,(주)유원메디텍,031-286-8770,9,"인공복막용 메쉬, 의료용 견인기 등","강원도 원주시 문막읍 동화공단로 147-1, 동화의료기기생산공장 101, 103, 104, 108, 113, 114, 117호","강원도 원주시 문막읍 동화리 1667-7 동화의료기기생산공장 101, 103, 104, 108, 113, 114, 117호",의료용품 및 기타 의약 관련제품 제조업,강원도 원주시,033-737-2982,2021-10-31
원주태장농공단지,(주)유일테크,033-748-8573,,"목재안내 표지판, 바닥형 보행신호등","강원도 원주시 태장공단길 51, A동 208호(태장동, 원주창업보육센터)",강원도 원주시 태장동 1720-38 원주창업보육센터 A동 208호,간판 및 광고물 제조업 외 3 종,강원도 원주시,033-737-2982,2021-10-31
원주우산일반산업단지,(주)유정개발,033-742-3661,59,"배수관, 오수관",강원도 원주시 우두산길 19 (우산동),강원도 원주시 우산동 411-3번지,콘크리트 관 및 기타 구조용 콘크리트 제품 제조업,강원도 원주시,033-737-2982,2021-10-31
원주태장농공단지,(주)이레이앤엘,033-812-2335,6,"놀이터 용품, 야외헬스조립, 건축용 나무제품","강원도 원주시 태장공단길 42-1, 101호 (태장동)",강원도 원주시 태장동 1720-22번지 101호,놀이터용 장비 제조업 외 5 종,강원도 원주시,033-737-2982,2021-10-31
원주태장농공단지,(주)이엔씨파워,033-734-1037,10,"LED 램프, LED 형광등, 도로명판 등","강원도 원주시 태장공단길 50, 1동 101호 (태장동)",강원도 원주시 태장동 1720-61번지 1동 101호,전구 및 램프 제조업 외 9 종,강원도 원주시,033-737-2982,2021-10-31
원주태장농공단지,(주)이엔에스,033-731-2988,9,"조명기구, 전광판, 조형물, 디지털영상정보안내시스템","강원도 원주시 태장공단길 51, C-1 (태장동, 원주창업보육센터)",강원도 원주시 태장동 1720-38번지 원주창업보육센터 C-1,일반용 전기 조명장치 제조업 외 5 종,강원도 원주시,033-737-2982,2021-10-31
원주태장농공단지,(주)인성이엔지,033-764-2297,3,스피커,강원도 원주시 태장공단길 54-4 (태장동) 3층,강원도 원주시 태장동 1720-13 3층,방송장비 제조업,강원도 원주시,033-737-2982,2021-10-31
원주동화농공단지,(주)인스킨,070-4027-7721,14,의료용레이져장비,"강원도 원주시 문막읍 동화공단로 130-2, 1-101호",강원도 원주시 문막읍 동화리 1642-5번지 1-101호,그 외 기타 의료용 기기 제조업,강원도 원주시,033-737-2982,2021-10-31
원주자동차부품일반산업단지,(주)인하에이엠티,033-744-3900,14,차량용 공기조절장치,"강원도 원주시 문막읍 세오름길 26, BL-7",강원도 원주시 문막읍 동화리 1288-3번지,그 외 자동차용 신품 부품 제조업 외 3 종,강원도 원주시,033-737-2982,2021-10-31
원주문막지방산업단지,(주)일광,033-731-2086,38,자동차부품,강원도 원주시 문막읍 문막공단길 178,강원도 원주시 문막읍 반계리 2228번지,그 외 자동차용 신품 부품 제조업,강원도 원주시,033-737-2982,2021-10-31
원주문막농공단지,(주)일신캐스팅,033-732-8155,100,"HSG, CARR류",강원도 원주시 문막읍 문막공단길 80 (㈜만도원주제1공장),강원도 원주시 문막읍 반계리 5-22번지 ㈜만도원주제1공장,그 외 자동차용 신품 부품 제조업 외 1 종,강원도 원주시,033-737-2982,2021-10-31
원주문막농공단지,(주)일신테크,033-732-8155,44,"캐리어,캘리퍼",강원도 원주시 문막읍 문막공단길 61,강원도 원주시 문막읍 반계리 5-31번지,그 외 자동차용 신품 부품 제조업 외 3 종,강원도 원주시,033-737-2982,2021-10-31
원주태장농공단지,(주)전성,033-766-6679,6,버스승강장 등,"강원도 원주시 태장공단길 42-1, 1층 105호 (태장동)",강원도 원주시 태장동 1720-60번지 1층 105호,육상 금속 골조 구조재 제조업 외 5 종,강원도 원주시,033-737-2982,2021-10-31
원주문막지방산업단지,(주)제이산업,,3,자동차부품,"강원도 원주시 문막읍 문막공단길 103, F호 (㈜영화제이공장)",강원도 원주시 문막읍 반계리 2236-4번지 ㈜영화제이공장 F호,그 외 기타 금속가공업,강원도 원주시,033-737-2982,2021-10-31
원주태장농공단지,(주)제중메디칼,033-747-5363,5,엑스레이 뷰 박스,"강원도 원주시 태장공단길 42-10, 의료기기산업기술단지 1 110호 (태장동)",강원도 원주시 태장동 1720-26번지,그 외 기타 의료용 기기 제조업,강원도 원주시,033-737-2982,2021-10-31
원주동화일반산업단지,(주)중일전기,033-743-0071,37,"경관조명기구, 태양광발전장치",강원도 원주시 문막읍 동화공단로 85-6,강원도 원주시 문막읍 동화리 1680-6번지,일반용 전기 조명장치 제조업 외 3 종,강원도 원주시,033-737-2982,2021-10-31
원주태장농공단지,(주)지텍스,033-735-3830,2,부직포,강원도 원주시 태장공단길 55 (태장동) D동,강원도 원주시 태장동 1720-33 D동,부직포 및 펠트 제조업 외 2 종,강원도 원주시,033-737-2982,2021-10-31
원주문막농공단지,(주)진성산업,033-742-9491,30,안전벨트,강원도 원주시 문막읍 문막공단길 69,강원도 원주시 문막읍 반계리 2194번지,그 외 자동차용 신품 부품 제조업 외 3 종,강원도 원주시,033-737-2982,2021-10-31
원주태장농공단지,(주)진텍,033-734-7945,6,"목재데크, 금속제울타리, 보행매트",강원도 원주시 태장공단길 54-2(태장동),강원도 원주시 태장동 1720-12,구조용 금속 판제품 및 공작물 제조업 외 2 종,강원도 원주시,033-737-2982,2021-10-31
원주태장농공단지,(주)진한,033-765-0890,3,"차양 및 도로시설물, 비치파라솔, 야외운동기구, 옥외용벤치, 퍼걸러","강원도 원주시 태장공단길 51, C-2 (태장동, 원주창업보육센터)",강원도 원주시 태장동 1720-38번지 원주창업보육센터 C-2,구조용 금속 판제품 및 공작물 제조업 외 4 종,강원도 원주시,033-737-2982,2021-10-31
원주태장농공단지,(주)참빛라이팅,033-734-1411,3,LED 다운라이트,"강원도 원주시 태장공단길 51, C동 3호 (태장동)",강원도 원주시 태장동 1720-38번지 C동 3호,일반용 전기 조명장치 제조업,강원도 원주시,033-737-2982,2021-10-31
원주태장농공단지,(주)참존,033-741-8500,125,화장품,"강원도 원주시 태장공단길 58 (태장동, (주)참존)",강원도 원주시 태장동 1720-5번지 (주)참존,완제 의약품 제조업 외 1 종,강원도 원주시,033-737-2982,2021-10-31
원주우산일반산업단지,(주)청아굿푸드 농업회사법인,033-3440-645,10,더덕무침 등,강원도 원주시 우산공단길 26(우산동),강원도 원주시 우산동 333-6,과실 및 그 외 채소 절임식품 제조업,강원도 원주시,033-737-2982,2021-10-31
원주태장농공단지,(주)쵸이스테크,033-734-2023,2,"울타리, 계단",강원도 원주시 태장공단길 42-1 (태장동),강원도 원주시 태장동 1720-22,구조용 금속 판제품 및 공작물 제조업,강원도 원주시,033-737-2982,2021-10-31
원주문막지방산업단지,(주)케이씨씨,033-749-4521,90,유리섬유,강원도 원주시 문막읍 문막공단길 106 ((주)KCC문막공장),강원도 원주시 문막읍 반계리 2239번지,"1차 유리제품, 유리섬유 및 광학용 유리 제조업",강원도 원주시,033-737-2982,2021-10-31
원주태장농공단지,(주)케이앤에프컴퍼니,070-8836-2057,6,버스안내단말기,"강원도 원주시 태장공단길 51 (태장동) 원주창업보육센터 A동 206호, 207호","강원도 원주시 태장동 1720-38 원주창업보육센터 A동 206호, 207호",비디오 및 기타 영상기기 제조업 외 1 종,강원도 원주시,033-737-2982,2021-10-31
원주태장농공단지,(주)케이에너지시스템,033-766-9273,6,"스마트미터기, 전력변환장치 등","강원도 원주시 태장공단길 51, A동 102호(태장동, 원주창업보육센터)",강원도 원주시 태장동 1720-38 원주창업보육센터 A동 102호,기타 전기 변환장치 제조업,강원도 원주시,033-737-2982,2021-10-31
원주동화일반산업단지,(주)케이에스알,033-744-8681,9,가드레일 등 철제제품 생산,강원도 원주시 문막읍 동화공단로 58-1,강원도 원주시 문막읍 동화리 1669-2번지,"금속 문, 창, 셔터 및 관련제품 제조업 외 5 종",강원도 원주시,033-737-2982,2021-10-31
원주동화일반산업단지,(주)케이에이씨,033-735-0349,191,자동차부품,강원도 원주시 문막읍 동화공단로 85-3,강원도 원주시 문막읍 동화리 1680-3번지,그 외 자동차용 신품 부품 제조업 외 5 종,강원도 원주시,033-737-2982,2021-10-31
원주우산일반산업단지,(주)케이엠텍,33,49,자동차조향장치,강원도 원주시 우산로 180-14 (우산동),강원도 원주시 우산동 333-17번지,그 외 자동차용 신품 부품 제조업 외 3 종,강원도 원주시,033-737-2982,2021-10-31
원주동화농공단지,(주)코어웨어,033-742-0178,2,디지털 엑스레이 소프트웨어,강원도 원주시 문막읍 동화공단로 84,강원도 원주시 문막읍 동화리 1642-11번지,방사선 장치 제조업,강원도 원주시,033-737-2982,2021-10-31
원주태장농공단지,(주)코하스,033-733-4215,2,의료용오존소독기,강원도 원주시 태장동 원주의료기기산업단지 3동 103호,강원도 원주시 태장동 원주의료기기산업단지 3동 103호,그 외 기타 의료용 기기 제조업,강원도 원주시,033-737-2982,2021-10-31
원주동화농공단지,(주)태연메디칼,033-742-7555,31,정영회과 치과용 임플란트,강원도 원주시 문막읍 동화공단로 132-1,강원도 원주시 문막읍 동화리 1642-4번지,정형외과용 및 신체보정용 기기 제조업 외 2 종,강원도 원주시,033-737-2982,2021-10-31
원주태장농공단지,(주)태장엘이디,033-737-0111,7,"조명기구, 조형물","강원도 원주시 태장공단길 51, A동 B01호 (태장동, 원주창업보육센터)",강원도 원주시 태장동 1720-38번지 원주창업보육센터 A동 B01호,일반용 전기 조명장치 제조업 외 3 종,강원도 원주시,033-737-2982,2021-10-31
원주동화일반산업단지,(주)태진,033-744-7480,37,오일필터,강원도 원주시 문막읍 동화공단로 68-1,강원도 원주시 문막읍 동화리 1668-2번지,그 외 자동차용 신품 부품 제조업 외 3 종,강원도 원주시,033-737-2982,2021-10-31
원주자동차부품일반산업단지,(주)태진 제2공장,033-743-7481,12,오일필터,강원도 원주시 문막읍 세오름길 38 외 1필지,강원도 원주시 문막읍 동화리 1703번지 외 1필지,그 외 자동차용 신품 부품 제조업 외 3 종,강원도 원주시,033-737-2982,2021-10-31
원주태장농공단지,(주)태초,033-732-1040,2,"다목적 분사장치, 미생물 발효제",강원도 원주시 태장공단길 51 (태장동) 원주창업보육센터 A-104호,강원도 원주시 태장동 1720-38 원주창업보육센터 A-104호,분사기 및 소화기 제조업 외 1 종,강원도 원주시,033-737-2982,2021-10-31
원주태장농공단지,(주)티앤씨,033-732-3990,16,"CCTV, 무인교통감시장치, 디지털영상정보시스템, 교통신호제어기, 신호등주, 가로등주",강원도 원주시 태장공단길 42-7 (태장동),강원도 원주시 태장동 1720-19번지,방송장비 제조업 외 7 종,강원도 원주시,033-737-2982,2021-10-31
원주태장농공단지,(주)파리크라상,033-738-7200,271,"카스테라, 만주 등","강원도 원주시 태장공단길 43 (태장동, (주)파리크라상) 외 1필지",강원도 원주시 태장동 1720-39번지 (주)파리크라상 외 1필지,빵류 제조업,강원도 원주시,033-737-2982,2021-10-31
원주문막농공단지,(주)팜텍코리아,033-731-9757,49,"홍삼, 홍삼액",강원도 원주시 문막읍 문막공단길 59,강원도 원주시 문막읍 반계리 5-21번지,건강기능식품 제조업 외 1 종,강원도 원주시,033-737-2982,2021-10-31
원주동화농공단지,(주)퓨런메디칼,033-747-7762,3,요실금치료기,"강원도 원주시 문막읍 동화공단로 130-2, 강원테크노파크 206호",강원도 원주시 문막읍 동화리 1642-5번지,그 외 기타 의료용 기기 제조업,강원도 원주시,033-737-2982,2021-10-31
원주태장농공단지,(주)프로메디,033-734-2147,5,"공기압치료기, 기능적 전기 자극기","강원도 원주시 태장공단길 42-10, 원주의료기기산업기술단지 2동 201, 209호 (태장동)","강원도 원주시 태장동 1720-26번지 원주의료기기산업기술단지 2동 201, 209호",그 외 기타 의료용 기기 제조업,강원도 원주시,033-737-2982,2021-10-31
원주태장농공단지,(주)하나씨엔에스,033-747-0999,6,"접이식폴대, CCTV카메라, 자동제어반 및 계장제어장치",강원도 원주시 태장공단길 42-11 (태장동),강원도 원주시 태장동 1720-57번지,육상 금속 골조 구조재 제조업 외 4 종,강원도 원주시,033-737-2982,2021-10-31
원주동화농공단지,(주)하늘마음바이오 원주지점,02-525-2318,5,채혈기,강원도 원주시 문막읍 동화공단로 151,강원도 원주시 문막읍 동화리 1654-1번지,그 외 기타 의료용 기기 제조업,강원도 원주시,033-737-2982,2021-10-31
원주태장농공단지,(주)한국이엔씨,033-734-5435,10,공기조절기/FFU,"강원도 원주시 태장공단길 42-13 (태장동, (주)한국이엔씨)",강원도 원주시 태장동 1720-16번지,공기 조화장치 제조업,강원도 원주시,033-737-2982,2021-10-31
원주문막지방산업단지,(주)한라홀딩스 원주센터,02-526-0584,55,조향장치 부품,강원도 원주시 문막읍 문막공단길 75 (문막읍),강원도 원주시 문막읍 반계리 2236번지,그 외 자동차용 신품 부품 제조업 외 3 종,강원도 원주시,033-737-2982,2021-10-31
원주태장농공단지,(주)한미메디테크,033-734-1811,6,인공 심폐용 혈액회로,"강원도 원주시 태장공단길 42-10, 원주의료기기산업기술단지 122호 (태장동)",강원도 원주시 태장동 1720-26번지,그 외 기타 의료용 기기 제조업,강원도 원주시,033-737-2982,2021-10-31
원주태장농공단지,(주)한서,033-746-2110,14,"가로등,승강장구조물,가로등자동점멸기",강원도 원주시 태장공단길 47 (태장동),강원도 원주시 태장동 1720-35번지,육상 금속 골조 구조재 제조업 외 8 종,강원도 원주시,033-737-2982,2021-10-31
원주문막농공단지,(주)한일티앤씨,033-345-5682,46,"무대기계장치, 일반조명장치, led 가로등, 경관조명기구전광판, 무대기계제어시스템, 회전무대등 ",강원도 원주시 문막읍 문막공단길 69,강원도 원주시 문막읍 반계리 2194번지,그 외 기타 특수목적용 기계 제조업 외 13 종,강원도 원주시,033-737-2982,2021-10-31
원주동화농공단지,(주)한일티엠,,15,재활용의료기기,강원도 원주시 문막읍 동화공단로 107-2,강원도 원주시 문막읍 동화리 1667-2번지,그 외 기타 의료용 기기 제조업,강원도 원주시,033-737-2982,2021-10-31
원주태장농공단지,(주)한지이야기,033-745-7550,5,"한지그릇,티셔츠","강원도 원주시 태장공단길 51, A-B01호 (태장동)",강원도 원주시 태장동 1720-38번지 A-B01호,기타 종이 상자 및 용기 제조업,강원도 원주시,033-737-2982,2021-10-31
원주태장농공단지,(주)헤라비스틸,033-764-8234,3,"낙석방지막,낙석방지책, 네일, 탄성볼트 등","강원도 원주시 태장공단길 54-2 (태장동, (주)아신)",강원도 원주시 태장동 1720-12번지 (주)아신,금속선 가공제품 제조업 외 3 종,강원도 원주시,033-737-2982,2021-10-31
원주동화농공단지,(주)헬스웰메디칼,033-732-0795,38,"플라즈마 멸균기, AED 배터리",강원도 원주시 문막읍 동화공단로 101-2,강원도 원주시 문막읍 동화리 1665-1번지,그 외 기타 의료용 기기 제조업 외 6 종,강원도 원주시,033-737-2982,2021-10-31
원주문막지방산업단지,(주)현대이엔지,033-732-3811,50,자동차 조향장치,강원도 원주시 문막읍 문막공단길 101 (현대이엔지),강원도 원주시 문막읍 반계리 2236-5번지,그 외 자동차용 신품 부품 제조업 외 3 종,강원도 원주시,033-737-2982,2021-10-31
원주자동차부품일반산업단지,(주)화동뉴텍,033-734-9371,50,"rack housing, valve housing, shaft",강원도 원주시 문막읍 세오름길 22,강원도 원주시 문막읍 동화리 1714,그 외 자동차용 신품 부품 제조업 외 3 종,강원도 원주시,033-737-2982,2021-10-31
원주동화일반산업단지,(주)휠트론,033-744-1374,32,"오일필터, UPPERBODY",강원도 원주시 문막읍 동화공단로 85-5,강원도 원주시 문막읍 동화리 1680-5번지,액체 여과기 제조업 외 4 종,강원도 원주시,033-737-2982,2021-10-31
원주동화농공단지,(주)휴러스트,033-733-1733,4,"이온도입기,의료용현미경,LED조명","강원도 원주시 문막읍 동화공단로 147-1, 116호 (동화의료기기생산공장)",강원도 원주시 문막읍 동화리 1667-7번지 116호 (동화의료기기생산공장),그 외 기타 의료용 기기 제조업 외 1 종,강원도 원주시,033-737-2982,2021-10-31
원주동화농공단지,(주)휴레브,033-747-7171,38,의료용전극,강원도 원주시 문막읍 동화공단로 107-3,강원도 원주시 문막읍 동화리 1667-3번지,전기식 진단 및 요법 기기 제조업,강원도 원주시,033-737-2982,2021-10-31
원주태장농공단지,153기업 주식회사,070-7574-1530,5,교통신호장치 외,강원도 원주시 태장공단길 42-1 (태장동),강원도 원주시 태장동 1720-22,교통 신호장치 제조업 외 6 종,강원도 원주시,033-737-2982,2021-10-31
원주태장농공단지,가아전기(주),033-747-7136,11,"수,배전반제조, 자동제어반, CCTV, 프로세스제어반, 유량계","강원도 원주시 태장공단길 42-3 (태장동, 가아전기(주))",강원도 원주시 태장동 1720-21번지,배전반 및 전기 자동제어반 제조업 외 9 종,강원도 원주시,033-737-2982,2021-10-31
원주우산일반산업단지,강원케이엠,033-731-2013,,금속천장재,강원도 원주시 우산공단길 26-11 (우산동),강원도 원주시 우산동 411-12,구조용 금속 판제품 및 공작물 제조업,강원도 원주시,033-737-2982,2021-10-31
원주태장농공단지,경원엠텍,033-745-3548,6,"냉동기, 공기조화기,저장고, 액체여과기, 열교환기, 자동제어","강원도 원주시 태장공단길 42-3, 다동 (태장동)",강원도 원주시 태장동 1720-21번지 다동,산업용 냉장 및 냉동 장비 제조업 외 5 종,강원도 원주시,033-737-2982,2021-10-31
원주태장농공단지,고려엔비텍(주),033-734-0250,5,"수처리장치, 수문, 수문권양기, 호이스트 및 크레인, 수격방지기",강원도 원주시 태장공단길 54-7 (태장동),강원도 원주시 태장동 1720-56번지,액체 여과기 제조업 외 5 종,강원도 원주시,033-737-2982,2021-10-31
원주문막농공단지,고려인삼(주),033-731-5760,13,"인삼차, 인삼엑기스, 홍삼환, 홍차, 한차",강원도 원주시 문막읍 문막공단길 226,강원도 원주시 문막읍 반계리 5-33번지,차류 가공업 외 3 종,강원도 원주시,033-737-2982,2021-10-31
원주태장농공단지,그린원,,4,"버스승강장(미세먼지대피소 외 7종),  퍼컬러, 기타 조경시설물",강원도 원주시 태장공단길 42-1 (태장동),강원도 원주시 태장동 1720-22,육상 금속 골조 구조재 제조업 외 1 종,강원도 원주시,033-737-2982,2021-10-31
원주동화일반산업단지,금호기업(주),033-743-2296,30,오일필터,강원도 원주시 문막읍 동화공단로 26,강원도 원주시 문막읍 동화리 1673번지,그 외 자동차용 신품 부품 제조업 외 3 종,강원도 원주시,033-737-2982,2021-10-31
원주태장농공단지,길한산업(주),033-735-3883,17,"부직포,직포매트",강원도 원주시 태장공단길 55 (태장동),강원도 원주시 태장동 1720-33번지,부직포 및 펠트 제조업 외 2 종,강원도 원주시,033-737-2982,2021-10-31
원주문막지방산업단지,농업회사법인 꿈터종합식품(주),033-732-8851,62,단무지,강원도 원주시 문막읍 문막공단길 190,강원도 원주시 문막읍 반계리 2232번지,김치류 제조업 외 1 종,강원도 원주시,033-737-2982,2021-10-31
원주문막농공단지,대덕ENG,033-737-0217,8,자동차 조향부품,강원도 원주시 문막읍 문막공단길 228,강원도 원주시 문막읍 반계리 5-15,자동차용 신품 조향장치 및 현가 장치 제조업,강원도 원주시,033-737-2982,2021-10-31
원주태장농공단지,대산전업,033-745-6200,5,"수배전반, 자동제어반",강원도 원주시 태장공단길 42-1 (태장동),강원도 원주시 태장동 1720-22번지,배전반 및 전기 자동제어반 제조업 외 4 종,강원도 원주시,033-737-2982,2021-10-31
원주태장농공단지,대신네트웍스(주),033-766-0844,2,cctv,"강원도 원주시 태장공단길 42-7, 가동 지하 (태장동)",강원도 원주시 태장동 1720-19 가동 지하,방송장비 제조업,강원도 원주시,033-737-2982,2021-10-31
원주동화농공단지,대양의료기(주),033-747-4466,16,"초음파,저주파치료기",강원도 원주시 문막읍 동화공단로 147,강원도 원주시 문막읍 동화리 1656-1번지,그 외 기타 의료용 기기 제조업,강원도 원주시,033-737-2982,2021-10-31
원주우산일반산업단지,대월식품,033-744-9292,5,떡,강원도 원주시 우산공단길 26 (우산동),강원도 원주시 우산동 333-6번지,떡류 제조업,강원도 원주시,033-737-2982,2021-10-31
원주문막농공단지,대한화인세라믹(주),033-731-7441,41,세라믹코팅제,강원도 원주시 문막읍 문막공단길 37 (대한화인세라믹(주)),강원도 원주시 문막읍 반계리 5-3번지,그 외 기타 분류 안된 화학제품 제조업,강원도 원주시,033-737-2982,2021-10-31
원주동화농공단지,대화기기(주),033-743-9383,8,전기수술기,강원도 원주시 문막읍 동화공단로 135,강원도 원주시 문막읍 동화리 1656-2번지,그 외 기타 의료용 기기 제조업,강원도 원주시,033-737-2982,2021-10-31
원주우산일반산업단지,덕원산업(주),033-731-8250,19,웰딩와이어,강원도 원주시 우두산길 7 (우산동) 외 1필지,강원도 원주시 우산동 405-40번지 외 1필지,그 외 기타 분류 안된 금속 가공 제품 제조업 외 1 종,강원도 원주시,033-737-2982,2021-10-31
원주태장농공단지,도원,033-735-3360,3,"경관조명, 스포츠조명, LED실내조명","강원도 원주시 태장공단길 50, 1동 102호 (태장동)",강원도 원주시 태장동 1720-61번지 1동 102호,일반용 전기 조명장치 제조업 외 3 종,강원도 원주시,033-737-2982,2021-10-31
원주태장농공단지,동국생명과학(주),033-734-0860,51,조영제,"강원도 원주시 태장공단길 54-1 (태장동, 동국정밀화학(주))",강원도 원주시 태장동 1720-9번지,의약용 화합물 및 항생물질 제조업 외 2 종,강원도 원주시,033-737-2982,2021-10-31
원주자동차부품일반산업단지,동아정공(주),033-901-2200,10,자동차부품,"강원도 원주시 문막읍 세오름길 26,   BL A-5",강원도 원주시 문막읍 동화리 1288-3 번지  BL A-5,그 외 자동차용 신품 부품 제조업 외 3 종,강원도 원주시,033-737-2982,2021-10-31
원주태장농공단지,동해엔지니어링(주),033-0747-5600,21,"수중모터펌프,오수용펌프, 수문","강원도 원주시 태장공단길 57 (태장동, 동해엔지니어링(주))",강원도 원주시 태장동 1720-3번지,액체 펌프 제조업 외 6 종,강원도 원주시,033-737-2982,2021-10-31
원주우산일반산업단지,디.에스 테크,33,,식품기계,강원도 원주시 우산공단길 26 (우산동),강원도 원주시 우산동 333-6번지,음ㆍ식료품 및 담배 가공기계 제조업,강원도 원주시,033-737-2982,2021-10-31
원주태장농공단지,라이팅스퀘어,033-737-0559,2,"일반용조명장치, 공원등, 집성목재공원등, 경관조명, 볼라드","강원도 원주시 태장공단길 51, A-207(원주창업보육센터) (태장동, 원주창업보육센터)",강원도 원주시 태장동 1720-38번지 원주창업보육센터 A-207(원주창업보육센터),일반용 전기 조명장치 제조업 외 2 종,강원도 원주시,033-737-2982,2021-10-31
원주동화일반산업단지,롯데칠성음료주식회사,02-3459-1300,5,물류,강원도 원주시 문막읍 동화공단로 85-7,강원도 원주시 문막읍 동화리 1680-7번지,일반 창고업,강원도 원주시,033-737-2982,2021-10-31
원주태장농공단지,리펭코리아 주식회사,033-747-7210,1,"정비용리프트,금속가공풍,유압기계","강원도 원주시 태장공단길 54-4 (태장동, 한미실업(주))",강원도 원주시 태장동 1720-13번지,구조용 금속 판제품 및 공작물 제조업 외 1 종,강원도 원주시,033-737-2982,2021-10-31
원주문막농공단지,명성산업(주),033-731-5390,39,"종이가방,포대",강원도 원주시 문막읍 문막공단길 235 (명성산업공장),강원도 원주시 문막읍 반계리 5-5번지,종이 포대 및 가방 제조업,강원도 원주시,033-737-2982,2021-10-31
원주태장농공단지,명지페인텍,033-747-7821,8,분체도장,"강원도 원주시 태장공단길 40 (태장동, KJ페인텍)",강원도 원주시 태장동 1720-31번지,도장 및 기타 피막처리업,강원도 원주시,033-737-2982,2021-10-31
원주태장농공단지,미래,033-733-1288,5,"태양광가로등, 비상경보기 등","강원도 원주시 태장공단길 42-1, 105호 (태장동) 외 1필지",강원도 원주시 태장동 1720-22번지 105호 외 1필지,기타 가정용 전기기기 제조업,강원도 원주시,033-737-2982,2021-10-31
원주태장농공단지,반곡기업,,2,배전반,강원도 원주시 태장공단길 42-1 (태장동),강원도 원주시 태장동 1720-60번지,배전반 및 전기 자동제어반 제조업,강원도 원주시,033-737-2982,2021-10-31
원주태장농공단지,반곡이엔지,033-746-9086,3,자동제어반,강원도 원주시 태장공단길 42-1 (태장동),강원도 원주시 태장동 1720-60,배전반 및 전기 자동제어반 제조업,강원도 원주시,033-737-2982,2021-10-31
원주태장농공단지,보성엔티,033-747-6116,37,"수배전반, 계장제어장치, 자동제어반, 펌프, 밸브, 여과기, 송풍기, 탈취기",강원도 원주시 태장공단길 38 (태장동),강원도 원주시 태장동 1720-30번지,"탭, 밸브 및 유사장치 제조업 외 11 종",강원도 원주시,033-737-2982,2021-10-31
원주태장농공단지,보성엔티 제2공장,033-747-6116,43,보건용마스크,강원도 원주시 태장공단길 36 (태장동),강원도 원주시 태장동 1720-59,의료용품 및 기타 의약 관련제품 제조업,강원도 원주시,033-737-2982,2021-10-31
원주문막농공단지,비.씨.에이취 주식회사,033-732-5429,14,"전선리휠,파렛트,금형",강원도 원주시 문막읍 문막공단길 244,강원도 원주시 문막읍 반계리 5-10번지,운송장비 조립용 플라스틱제품 제조업 외 5 종,강원도 원주시,033-737-2982,2021-10-31
원주문막농공단지,비콤시스템(주),033-732-7151,19,"원격감시제어장치,전송제어기기",강원도 원주시 문막읍 문막공단길 53 (비콤시스템),강원도 원주시 문막읍 반계리 5-18번지,배전반 및 전기 자동제어반 제조업 외 8 종,강원도 원주시,033-737-2982,2021-10-31
원주우산일반산업단지,사조동아원(주),033-742-8941,18,사료,강원도 원주시 우산로 170 (우산동),강원도 원주시 우산동 333-3번지,배합 사료 제조업 외 1 종,강원도 원주시,033-737-2982,2021-10-31
원주태장농공단지,사회복지법인 보성복지재단,033-734-6161,11,수배전반 등,강원도 원주시 태장공단길 36 (태장동),강원도 원주시 태장동 1720-59번지,배전반 및 전기 자동제어반 제조업 외 8 종,강원도 원주시,033-737-2982,2021-10-31
원주동화일반산업단지,삼아제약주식회사,033-769-8400,296,의약품,강원도 원주시 문막읍 동화공단로 49,강원도 원주시 문막읍 동화리 1676-0번지,완제 의약품 제조업,강원도 원주시,033-737-2982,2021-10-31
원주우산일반산업단지,삼양내츄럴스 주식회사,033-734-5775,29,"볶음참깨, 참기름, 야채스프","강원도 원주시 우산로 177 (우산동, 삼양식품공장)",강원도 원주시 우산동 390번지,식물성 유지 제조업 외 2 종,강원도 원주시,033-737-2982,2021-10-31
원주우산일반산업단지,삼양식품(주),033-740-8200,907,"라면,스넥,장류,식용유",강원도 원주시 우산로 177 (우산동),강원도 원주시 우산동 390-3,"면류, 마카로니 및 유사식품 제조업 외 2 종",강원도 원주시,033-737-2982,2021-10-31
원주우산일반산업단지,삼양제분 주식회사,033-813-1922,4,밀가루,"강원도 원주시 우산로 177 (우산동, 삼양식품공장)",강원도 원주시 우산동 390번지 삼양식품공장,곡물 제분업,강원도 원주시,033-737-2982,2021-10-31
원주문막지방산업단지,삼영금속공업(주),053-583-3480,5,조향장치,강원도 원주시 문막읍 문막공단길 188 (삼영금속공업㈜),강원도 원주시 문막읍 반계리 2231번지,자동차용 신품 조향장치 및 현가 장치 제조업,강원도 원주시,033-737-2982,2021-10-31
원주태장농공단지,상선정보기술(주),033-747-6364,10,"스마트헬스케어의료기기, sos긴급버튼","강원도 원주시 태장공단길 42-10, 3동 106호 (태장동)",강원도 원주시 태장동 1720-26번지,그 외 기타 의료용 기기 제조업 외 1 종,강원도 원주시,033-737-2982,2021-10-31
원주태장농공단지,상원(주),033-746-5999,2,수소수 제조기,"강원도 원주시 태장공단길 51, A-205 (태장동, 원주창업보육센터)",강원도 원주시 태장동 1720-38번지 원주창업보육센터 A-205,액체 여과기 제조업,강원도 원주시,033-737-2982,2021-10-31
원주문막지방산업단지,성경산업(주),033-731-0095,25,자동차 조향장치 부품,강원도 원주시 문막읍 문막공단길 200,강원도 원주시 문막읍 반계리 2222번지,자동차용 신품 조향장치 및 현가 장치 제조업,강원도 원주시,033-737-2982,2021-10-31
원주동화농공단지,성우아이엔씨,033-748-8497,4,x-ray용 전자기판,강원도 원주시 문막읍 동화공단로 147-1,강원도 원주시 문막읍 동화리 1667-7번지,그 외 기타 의료용 기기 제조업,강원도 원주시,033-737-2982,2021-10-31
원주문막지방산업단지,세경산업(주),033-733-8600,9,우레탄보드,강원도 원주시 문막읍 문막공단길 182,강원도 원주시 문막읍 반계리 2230번지,폴리스티렌 발포 성형제품 제조업 외 1 종,강원도 원주시,033-737-2982,2021-10-31
원주태장농공단지,세광정보통신(주),033-744-4133,5,"cctv, 스피커, 전광판",강원도 원주시 태장동 1720-60번지,강원도 원주시 태장동 1720-60번지,방송장비 제조업 외 2 종,강원도 원주시,033-737-2982,2021-10-31
원주동화농공단지,세정,033-900-2037,2,에어로졸마스크,강원도 원주시 문막읍 동화공단로 107-1,강원도 원주시 문막읍 동화리 1667-1번지,그 외 기타 의료용 기기 제조업,강원도 원주시,033-737-2982,2021-10-31
원주태장농공단지,셉테드솔루션(주),ARS-1522-5709,4,"LED보안등기구(CCTV), 보행신호음성안내보조장치, 구내방송장치(스피커)","강원도 원주시 태장공단길 51, A동 205호(태장동, 원주창업보육센터)",강원도 원주시 태장동 1720-38 원주창업보육센터 A동 205호,일반용 전기 조명장치 제조업 외 2 종,강원도 원주시,033-737-2982,2021-10-31
원주동화일반산업단지,송암시스콤(주),033-737-8301,56,"전력전자, 광전송장치, 전력량계, 비디오용카메라, 카메라, 확대경, 전기신호장치, 변압기",강원도 원주시 문막읍 동화공단로 32 (총 4 필지),강원도 원주시 문막읍 동화리 1672-1번지,배전반 및 전기 자동제어반 제조업 외 28 종,강원도 원주시,033-737-2982,2021-10-31
원주문막지방산업단지,스탠다드펌(주),033-733-2330,62,알루미늄빌레트,강원도 원주시 문막읍 반계리 2236-6번지 외 1필지,강원도 원주시 문막읍 반계리 2236-6번지 외 1필지,"전자기 측정, 시험 및 분석기구 제조업",강원도 원주시,033-737-2982,2021-10-31
원주우산일반산업단지,신성유지,033-748-8980,15,"단미사료, 동물사료",강원도 원주시 우산로 208 (우산동),강원도 원주시 우산동 400-3번지,배합 사료 제조업 외 1 종,강원도 원주시,033-737-2982,2021-10-31
원주문막농공단지,신영산업,033-731-4449,,,강원도 원주시 문막읍 문막공단길 69,강원도 원주시 문막읍 반계리 2194-0번지,비주거용 건물 임대업,강원도 원주시,033-737-2982,2021-10-31
원주동화일반산업단지,신영테크,033-747-7041,14,면도기 케이스,강원도 원주시 문막읍 동화공단로 85-8,강원도 원주시 문막읍 동화리 1680-8번지,운송장비 조립용 플라스틱제품 제조업 외 2 종,강원도 원주시,033-737-2982,2021-10-31
원주우산일반산업단지,신원화학주식회사,033-742-6220,21,"스치로폴 완충재,단열재",강원도 원주시 우산공단길 8-41 (우산동),강원도 원주시 우산동 405-13번지,폴리스티렌 발포 성형제품 제조업 외 1 종,강원도 원주시,033-737-2982,2021-10-31
원주문막농공단지,심로악기(주),033-731-7861,3,현악기제조,강원도 원주시 문막읍 문막공단길 45 (심로악기),강원도 원주시 문막읍 반계리 5-4번지,기타 악기 제조업,강원도 원주시,033-737-2982,2021-10-31
원주태장농공단지,싸이러스,070-8807-2308,1,자전거 및 환자용 차량,"강원도 원주시 태장공단길 54-4, 3층 (태장동, 한미실업(주))",강원도 원주시 태장동 1720-13번지 한미실업(주) 3층,자전거 및 환자용 차량 제조업,강원도 원주시,033-737-2982,2021-10-31
원주동화일반산업단지,쌍용자동차 주식회사,031-610-1692,35,창고,강원도 원주시 문막읍 동화공단로 19,강원도 원주시 문막읍 동화리 1678-1번지,일반 창고업,강원도 원주시,033-737-2982,2021-10-31
원주동화농공단지,씨알에이파이핑코리아(주),070-8290-6407,4,임플란트,"강원도 원주시 문막읍 동화공단로 130-2, 원주벤처공장 2동 102호",강원도 원주시 문막읍 동화리 1642-5번지 원주벤처공장 2동 102호,정형외과용 및 신체보정용 기기 제조업,강원도 원주시,033-737-2982,2021-10-31
원주동화농공단지,씨앤씨케어,33,,정형용운동장치,강원도 원주시 문막읍 동화공단로 152,강원도 원주시 문막읍 동화리 1652-3번지,정형외과용 및 신체보정용 기기 제조업,강원도 원주시,033-737-2982,2021-10-31
원주태장농공단지,씨엔브이텍(주),033-813-3118,6,안압계,"강원도 원주시 태장공단길 42-10, 4동 104호 (태장동)",강원도 원주시 태장동 1720-26번지 4동 104호,그 외 기타 의료용 기기 제조업,강원도 원주시,033-737-2982,2021-10-31
원주문막농공단지,씨엔아이전자(주),033-731-0841,40,에나멜동선,강원도 원주시 문막읍 문막공단길 201 (문막읍),강원도 원주시 문막읍 반계리 5-20번지,기타 절연선 및 케이블 제조업,강원도 원주시,033-737-2982,2021-10-31
원주우산일반산업단지,아산농산,033-745-4743,4,동부분말,강원도 원주시 우산로 180-18 (우산동),강원도 원주시 우산동 411-13번지,전분제품 및 당류 제조업,강원도 원주시,033-737-2982,2021-10-31
원주문막농공단지,아세아세라믹,033-766-8148,2,"인조대리석 절단, 가공",강원도 원주시 문막읍 문막공단길 71,강원도 원주시 문막읍 반계리 2184번지,건설용 석제품 제조업 외 1 종,강원도 원주시,033-737-2982,2021-10-31
원주태장농공단지,아신펌프테크,033-900-8771,5,"펌프,모터기계장치","강원도 원주시 태장공단길 54-2 (태장동, (주)아신)",강원도 원주시 태장동 1720-12번지 (주)아신,액체 펌프 제조업,강원도 원주시,033-737-2982,2021-10-31
원주동화일반산업단지,아이누리,033-744-2486,16,과자류,"강원도 원주시 문막읍 동화공단로 62-1, 나동, 다동","강원도 원주시 문막읍 동화리 1668-3 나동, 다동",과자류 및 코코아 제품 제조업,강원도 원주시,033-737-2982,2021-10-31
원주동화농공단지,아이에스피 메딕스,033-731-1184,4,"요실금 치료용 띠, 이식용메쉬","강원도 원주시 문막읍 동화공단로 147-1, 7호",강원도 원주시 문막읍 동화리 1667-7번지,그 외 기타 의료용 기기 제조업,강원도 원주시,033-737-2982,2021-10-31
원주태장농공단지,에이엠티(AMT),033-763-1973,3,액체펌프,"강원도 원주시 태장공단길 51, D동 6호 (태장동, 원주창업보육센터)",강원도 원주시 태장동 1720-38번지 원주창업보육센터 D동 6호,액체 펌프 제조업 외 2 종,강원도 원주시,033-737-2982,2021-10-31
원주태장농공단지,엘투,033-734-5582,6,"led등기구,LED경관조명, 컨트롤러장치","강원도 원주시 태장공단길 42-9 (태장동, 삼원포장)",강원도 원주시 태장동 1720-18번지,일반용 전기 조명장치 제조업 외 7 종,강원도 원주시,033-737-2982,2021-10-31
원주태장농공단지,예온건설 주식회사,033-763-0456,15,"상하수설비자재,토목공사용자재,스톤네트",강원도 원주시 태장공단길 37 (태장동),강원도 원주시 태장동 1720-40번지,콘크리트 관 및 기타 구조용 콘크리트 제품 제조업 외 8 종,강원도 원주시,033-737-2982,2021-10-31
원주문막지방산업단지,오승푸드,033-732-2632,2,누룽지,강원도 원주시 문막읍 문막공단길 103 ㈜영화제이공장,강원도 원주시 문막읍 반계리 2236-4 ㈜영화제이공장,기타 곡물 가공품 제조업,강원도 원주시,033-737-2982,2021-10-31
원주문막농공단지,오토리브유한회사,033-730-2012,309,"seat belt, air bag",강원도 원주시 문막읍 문막공단길 202 (오토리브주식회사),강원도 원주시 문막읍 반계리 5-30번지,그 외 자동차용 신품 부품 제조업 외 3 종,강원도 원주시,033-737-2982,2021-10-31
원주태장농공단지,우리 태양광발전소,,,전기,강원도 원주시 태장공단길 42-7 (태장동),강원도 원주시 태장동 1720-19,태양력 발전업,강원도 원주시,033-737-2982,2021-10-31
원주문막농공단지,원광산업주식회사,033-732-0996,42,주물중자,강원도 원주시 문막읍 문막공단길 224,강원도 원주시 문막읍 반계리 5-13번지,그 외 기타 분류 안된 비금속 광물제품 제조업 외 3 종,강원도 원주시,033-737-2982,2021-10-31
원주우산일반산업단지,원주전통한지,033-761-5193,3,한지,강원도 원주시 우산로 180-22 (우산동),강원도 원주시 우산동 411-18번지,기타 종이 및 판지 제조업 외 2 종,강원도 원주시,033-737-2982,2021-10-31
원주태장농공단지,원주창업보육센터,02-769-6543,5,부동산 임대,"강원도 원주시 태장공단길 51 (태장동, 원주창업보육센터)",강원도 원주시 태장동 1720-38번지,비주거용 건물 개발 및 공급업,강원도 원주시,033-737-2982,2021-10-31
원주태장농공단지,웰텍,070-7576-1665,2,"디밍제어기, 태양광 조명제어기 외",강원도 원주시 태장공단길 42-1 (태장동),강원도 원주시 태장동 1720-22번지,일반용 전기 조명장치 제조업 외 1 종,강원도 원주시,033-737-2982,2021-10-31
원주태장농공단지,윔코리아(주),033-743-7959,2,"안전장치,창호,LED광고물","강원도 원주시 태장공단길 51, 창업보육센터, C-4호 (태장동, 원주창업보육센터)","강원도 원주시 태장동 1720-38번지 원주창업보육센터 창업보육센터, C-4호",목재문 및 관련제품 제조업 외 2 종,강원도 원주시,033-737-2982,2021-10-31
원주동화농공단지,유니스파테크(주),033-748-9064,12,전기마사지기,강원도 원주시 문막읍 동화공단로 110,강원도 원주시 문막읍 동화리 1647-3,그 외 기타 의료용 기기 제조업,강원도 원주시,033-737-2982,2021-10-31
원주우산일반산업단지,유민철강(주),032-569-5080,6,금속관,강원도 원주시 우산공단길 38(우산동),강원도 원주시 우산동 333-15,절삭가공 및 유사처리업,강원도 원주시,033-737-2982,2021-10-31
원주우산일반산업단지,유성씨앤에프(주),033-737-1772,79,타일연질,"강원도 원주시 우산공단길 8-33 (우산동, 유성화학㈜공장)",강원도 원주시 우산동 405-15번지,벽 및 바닥 피복용 플라스틱제품 제조업,강원도 원주시,033-737-2982,2021-10-31
원주태장농공단지,윤경산업,033-745-6030,1,낚시장비,"강원도 원주시 태장공단길 42-1, 2층 203호 (태장동)",강원도 원주시 태장동 1720-60번지 2층 203호,낚시 및 수렵용구 제조업,강원도 원주시,033-737-2982,2021-10-31
원주태장농공단지,은도메디텍,033-747-0078,6,채혈관,"강원도 원주시 태장공단길 42-10, 1동 124호 (태장동)",강원도 원주시 태장동 1720-26번지,그 외 기타 의료용 기기 제조업,강원도 원주시,033-737-2982,2021-10-31
원주문막지방산업단지,이화PNC,033-732-9700,103,화장품용기,강원도 원주시 문막읍 문막공단길 194 외 1필지,강원도 원주시 문막읍 반계리 2225번지 외 1필지,포장용 플라스틱 성형용기 제조업,강원도 원주시,033-737-2982,2021-10-31
원주동화일반산업단지,인테그리스코리아 주식회사,033-737-8447,81,반도체부품 및 플라스틱 성형,강원도 원주시 문막읍 동화공단로 85-4,강원도 원주시 문막읍 동화리 1680-4,"탭, 밸브 및 유사장치 제조업",강원도 원주시,033-737-2982,2021-10-31
원주자동차부품일반산업단지,인하테크(주),033-733-4200,91,기어박스,강원도 원주시 문막읍 세오름길 20,강원도 원주시 문막읍 동화리 1715번지,그 외 자동차용 신품 부품 제조업 외 3 종,강원도 원주시,033-737-2982,2021-10-31
원주문막지방산업단지,일륭기공(주),033-732-9870,102,자동차조향장치,강원도 원주시 문막읍 문막공단길 198 (일륭기공㈜문막공장),강원도 원주시 문막읍 반계리 2223번지,그 외 자동차용 신품 부품 제조업 외 3 종,강원도 원주시,033-737-2982,2021-10-31
원주동화일반산업단지,재아산업(주),033-742-4854,11,"금형, 컨베이어, 배수문, 자동차부품",강원도 원주시 문막읍 동화리 1671-3번지 외 1필지(1671-4),강원도 원주시 문막읍 동화리 1671-3번지 외 1필지(1671-4),주형 및 금형 제조업 외 6 종,강원도 원주시,033-737-2982,2021-10-31
원주문막농공단지,제이엠피산업(주)원주공장,033-745-1990,7,지대,강원도 원주시 문막읍 문막공단길 235,강원도 원주시 문막읍 반계리 5-5번지,종이 포대 및 가방 제조업,강원도 원주시,033-737-2982,2021-10-31
원주동화일반산업단지,주식회사 금강페이버,032-624-3611,3,라인용 에폭시수지,강원도 원주시 문막읍 동화공단로 62-1,강원도 원주시 문막읍 동화리 1668-3,합성수지 및 기타 플라스틱 물질 제조업,강원도 원주시,033-737-2982,2021-10-31
원주동화농공단지,주식회사 네오메디코리아,,2,배액관 고정용판,"강원도 원주시 문막읍 동화공단로 130-2, 207호",강원도 원주시 문막읍 동화리 1642-5번지 207호,그 외 기타 의료용 기기 제조업,강원도 원주시,033-737-2982,2021-10-31
원주문막농공단지,주식회사 동산이엔지,033-733-0487,14,"환경기계, 산업기계, 단조제품, 경량골재혼화제, 원심력혼화제",강원도 원주시 문막읍 문막공단길 220,강원도 원주시 문막읍 반계리 5-28번지,금속 단조제품 제조업 외 2 종,강원도 원주시,033-737-2982,2021-10-31
원주태장농공단지,주식회사 마루치,033-734-0330,2,근관충전제,"강원도 원주시 태장공단길 42-10, 원주의료기기산업기술단지 2-208 (태장동)",강원도 원주시 태장동 1720-26번지 원주의료기기산업기술단지 2-208,의료용품 및 기타 의약 관련제품 제조업,강원도 원주시,033-737-2982,2021-10-31
원주태장농공단지,주식회사 만나,033-904-5574,30,"유제품, 치즈 가공식품",강원도 원주시 태장공단길 54-13 (태장동),강원도 원주시 태장동 1720-55,액상시유 및 기타 낙농제품 제조업,강원도 원주시,033-737-2982,2021-10-31
원주태장농공단지,주식회사 메카,070-7642-9582,1,미용기기 셀리젯,강원도 원주시 태장공단길 42-10 (태장동) 원주의료기기산업기술단지 1동 129호,강원도 원주시 태장동 1720-26 원주의료기기산업기술단지 1동 129호,그 외 기타 의료용 기기 제조업,강원도 원주시,033-737-2982,2021-10-31
원주우산일반산업단지,주식회사 삼양프루웰,033-744-2937,29,"원지,종이박스","강원도 원주시 우산로 177 (우산동, 삼양식품공장)",강원도 원주시 우산동 390번지,판지 상자 및 용기 제조업,강원도 원주시,033-737-2982,2021-10-31
원주우산일반산업단지,주식회사 삼양프루웰 제2공장,033-744-2937,29,골판지 상자,강원도 원주시 우산로 177 (우산동),강원도 원주시 우산동 390-5,판지 상자 및 용기 제조업,강원도 원주시,033-737-2982,2021-10-31
원주동화농공단지,주식회사 스포컴,02-862-5555,50,"도수 수경 및 스포츠글라스, 마스크",강원도 원주시 문막읍 동화공단로 101-3,강원도 원주시 문막읍 동화리 1665-3번지,안경 및 안경렌즈 제조업 외 1 종,강원도 원주시,033-737-2982,2021-10-31
원주태장농공단지,주식회사 아이넥스,033-731-9201,3,"LED등기구, LED경관조명","강원도 원주시 태장공단길 51, D동 1호(태장동, 원주창업보육센터)",강원도 원주시 태장동 1720-38 원주창업보육센터 D동 1호,전구 및 램프 제조업 외 2 종,강원도 원주시,033-737-2982,2021-10-31
원주태장농공단지,주식회사 안도,033-745-1714,1,"시선유도봉,볼라드","강원도 원주시 태장공단길 51, 에이동 101호(태장동) (태장동, 원주창업보육센터)",강원도 원주시 태장동 1720-38번지 원주창업보육센터 에이동 101호(태장동),금속 표시판 제조업,강원도 원주시,033-737-2982,2021-10-31
원주문막농공단지,주식회사 안코바이오플라스틱스,033-731-5845,31,"PBAT, PBS",강원도 원주시 문막읍 문막공단길 216,강원도 원주시 문막읍 반계리 5-29번지,합성수지 및 기타 플라스틱 물질 제조업 외 2 종,강원도 원주시,033-737-2982,2021-10-31
원주태장농공단지,주식회사 엘칸,033-734-3422,6,골밀도 진단기,"강원도 원주시 태장공단길 42-10, 1동 207호, 112호 (태장동)","강원도 원주시 태장동 1720-26번지 1동 207호, 112호",방사선 장치 제조업,강원도 원주시,033-737-2982,2021-10-31
원주태장농공단지,주식회사 웰프,033-743-4561,4,"모터펌프, 수문, 액체여과기",강원도 원주시 태장공단길 59 (태장동),강원도 원주시 태장공단길 59 (태장동),액체 펌프 제조업 외 5 종,강원도 원주시,033-737-2982,2021-10-31
원주우산일반산업단지,주식회사 이엠,033-744-2611,2,금속천장재,강원도 원주시 우산공단길 26-11 (우산동),강원도 원주시 우산동 411-12,구조용 금속 판제품 및 공작물 제조업,강원도 원주시,033-737-2982,2021-10-31
원주태장농공단지,주식회사 정한,033-764-8610,9,"보안용카메라, 영상감지장치, 차량번호판독기, 출입통제시스템, 태양광발전장치",강원도 원주시 태장공단길 42-1 (태장동),강원도 원주시 태장동 1720-22,방송장비 제조업 외 7 종,강원도 원주시,033-737-2982,2021-10-31
원주태장농공단지,주식회사 지에이,033-734-5000,3,LED 조명,강원도 원주시 태장공단길 42-1 (태장동),강원도 원주시 태장동 1720-22,일반용 전기 조명장치 제조업 외 2 종,강원도 원주시,033-737-2982,2021-10-31
원주문막농공단지,주식회사 진명,033-762-4000,5,"디자인울타리, 금속구조물외",강원도 원주시 문막읍 문막공단길 71,강원도 원주시 문막읍 문막공단길 71,"금속 문, 창, 셔터 및 관련제품 제조업 외 6 종",강원도 원주시,033-737-2982,2021-10-31
원주자동차부품일반산업단지,주식회사 티제이아이,,1,필터류,강원도 원주시 문막읍 세오름길 38,강원도 원주시 문막읍 동화리 1703번지,그 외 자동차용 신품 부품 제조업,강원도 원주시,033-737-2982,2021-10-31
원주문막지방산업단지,주식회사 프라이맥스 제2공장,033-731-0677,17,조향장치,강원도 원주시 문막읍 문막공단길 180 (문막읍),강원도 원주시 문막읍 반계리 2229번지,"산업용 오븐, 노 및 노용 버너 제조업 외 10 종",강원도 원주시,033-737-2982,2021-10-31
원주동화농공단지,주식회사고니메드,033-745-9588,5,체내형범용프로브,"강원도 원주시 문막읍 동화공단로 130-2, 원주벤처공장 1동 104호",강원도 원주시 문막읍 동화리 1642-5번지 원주벤처공장 1동 104호,그 외 기타 의료용 기기 제조업,강원도 원주시,033-737-2982,2021-10-31
원주우산일반산업단지,주식회사농협사료원주배합사료공장,033-730-8900,50,배합사료,강원도 원주시 우산로 208 (우산동),강원도 원주시 우산동 400-3번지,배합 사료 제조업 외 1 종,강원도 원주시,033-737-2982,2021-10-31
원주문막농공단지,창대영농조합법인,033-731-4408,12,"단무지, 김밥우엉",강원도 원주시 문막읍 문막공단길 242,강원도 원주시 문막읍 반계리 5-24번지,김치류 제조업 외 1 종,강원도 원주시,033-737-2982,2021-10-31
원주태장농공단지,창우이엔지(주),,4,상하수처리기계,"강원도 원주시 태장공단길 54-4 (태장동, 한미실업(주))",강원도 원주시 태장동 1720-13번지 한미실업(주),컨베이어장치 제조업 외 7 종,강원도 원주시,033-737-2982,2021-10-31
원주우산일반산업단지,천일신약,033-748-1810,3,한약재,강원도 원주시 우산로 180-18 (우산동),강원도 원주시 우산동 411-13번지,한의약품 제조업,강원도 원주시,033-737-2982,2021-10-31
원주동화일반산업단지,카멕스이엠(주),031-907-9415,11,수처리류,강원도 원주시 문막읍 동화공단로 62 ((주)카멕스이엠),강원도 원주시 문막읍 동화리 1671-2번지,그 외 기타 특수목적용 기계 제조업 외 3 종,강원도 원주시,033-737-2982,2021-10-31
원주태장농공단지,케이에스,033-734-0288,3,"유량계, 전기자동제어반, 프로세서제어반",강원도 원주시 태장공단길 59 (태장동),강원도 원주시 태장동 1720-4번지,속도계 및 적산계기 제조업 외 9 종,강원도 원주시,033-737-2982,2021-10-31
원주태장농공단지,코니터프 주식회사,070-4245-3851,2,리프트(의료기기)및롤업셰이드,강원도 원주시 태장공단길 54-5 (태장동),강원도 원주시 태장동 1720-52번지,커튼 및 유사제품 제조업 외 3 종,강원도 원주시,033-737-2982,2021-10-31
원주동화농공단지,클래드코리아 원주(주),070-8290-6402,4,임플란트,"강원도 원주시 문막읍 동화공단로 130-2, 원주벤처공장2 104호",강원도 원주시 문막읍 동화리 1642-5번지 원주벤처공장2 104호,정형외과용 및 신체보정용 기기 제조업,강원도 원주시,033-737-2982,2021-10-31
원주태장농공단지,클린프로텍,033-747-3149,3,공기청정장치,"강원도 원주시 태장공단길 51, 에이동 103호 (태장동)",강원도 원주시 태장동 1720-38번지 에이동 103호,기체 여과기 제조업,강원도 원주시,033-737-2982,2021-10-31
원주문막지방산업단지,태영산업,,15, 플라스틱 화장품용기,강원도 원주시 문막읍 문막공단길 196,강원도 원주시 문막읍 반계리 2224 번지,그 외 기타 플라스틱 제품 제조업,강원도 원주시,033-737-2982,2021-10-31
원주문막농공단지,태영산업-임대기간만료,033-732-8351,11,프라스틱제품 인쇄,강원도 원주시 문막읍 문막공단길 53 (비콤시스템),강원도 원주시 문막읍 반계리 5-18번지,기타 인쇄업 외 1 종,강원도 원주시,033-737-2982,2021-10-31
원주문막농공단지,토다이수(주) 제1공장,033-730-1716,335,전자관및 전자제품,강원도 원주시 문막읍 문막공단길 236 (문막읍),강원도 원주시 문막읍 반계리 5-12번지,그 외 기타 전자부품 제조업 외 1 종,강원도 원주시,033-737-2982,2021-10-31
원주태장농공단지,티원주식회사,033-742-9600,9,"천막, 캔버스제품, 파고라, 조립식구조물",강원도 원주시 태장공단길 54-5 (태장동),강원도 원주시 태장공단길 54-5 (태장동),"천막, 텐트 및 유사 제품 제조업 외 2 종",강원도 원주시,033-737-2982,2021-10-31
원주태장농공단지,티제이엔테크,033-748-8658,5,"제진기,탈취기,여과기,밸브,크레인,수문,금속조립구조재",강원도 원주시 태장공단길 54-8 (태장동),강원도 원주시 태장동 1720-58번지,액체 여과기 제조업 외 7 종,강원도 원주시,033-737-2982,2021-10-31
원주문막농공단지,파란나라 주식회사,033-764-1790,6,"목재덱, 디자인울타리",강원도 원주시 문막읍 문막공단길 71,강원도 원주시 문막읍 반계리 2184-0,일반 제재업 외 5 종,강원도 원주시,033-737-2982,2021-10-31
원주태장농공단지,필조형문화연구소,033-731-0091,2,"F.R.P 성형제품, 전시용 모형","강원도 원주시 태장공단길 54-8, C동 (태장동)",강원도 원주시 태장동 1720-58번지 C동,기타 플라스틱 발포 성형제품 제조업 외 5 종,강원도 원주시,033-737-2982,2021-10-31
원주문막지방산업단지,학교법인고황재단(경희한약),033-731-5971,14,한의약재,강원도 원주시 문막읍 문막공단길 99 (문막한약가공공장),강원도 원주시 문막읍 반계리 2236-3번지,한의약품 제조업,강원도 원주시,033-737-2982,2021-10-31
원주태장농공단지,학산전력(주),033-743-0100,,분전반,강원도 원주시 태장공단길 42-7 (태장동),강원도 원주시 태장동 1720-19,배전반 및 전기 자동제어반 제조업,강원도 원주시,033-737-2982,2021-10-31
원주태장농공단지,한국디지탈전자간판(주),033-748-7700,6,LED전자간판,강원도 원주시 태장동 1720-36번지,강원도 원주시 태장동 1720-36번지,전시 및 광고용 조명장치 제조업,강원도 원주시,033-737-2982,2021-10-31
원주문막지방산업단지,한국모노레일(주),033-732-7137,42,모노레일,강원도 원주시 문막읍 문막공단길 192 (한국모노레일원주공장),강원도 원주시 문막읍 반계리 2227번지,기관차 및 기타 철도차량 제조업 외 3 종,강원도 원주시,033-737-2982,2021-10-31
원주태장농공단지,한국바우텍(주),033-747-7076,2,"스텐레스연도,트레일러,특장차, 이동식화장실, 자동차부품, 저속전동차,견인차,금속구조물",강원도 원주시 태장공단길 54-4 (태장동),강원도 원주시 태장동 1720-13,구조용 금속 판제품 및 공작물 제조업 외 13 종,강원도 원주시,033-737-2982,2021-10-31
원주태장농공단지,한국아트콘텐츠(주),033-734-3701,6,전시조형물,"강원도 원주시 태장공단길 54-2 (태장동, (주)아신)",강원도 원주시 태장동 1720-12번지,전시용 모형 제조업 외 2 종,강원도 원주시,033-737-2982,2021-10-31
원주문막농공단지,한국유니온제약(주),033-731-2804,92,의약품,강원도 원주시 문막읍 문막공단길 246,강원도 원주시 문막읍 반계리 5-9번지,완제 의약품 제조업,강원도 원주시,033-737-2982,2021-10-31
원주문막농공단지,한국유니온제약(주) 제2공장,033-731-2804,30,"의약품(케포돈주, 프로신주)",강원도 원주시 문막읍 문막공단길 247,강원도 원주시 문막읍 반계리 5-42,완제 의약품 제조업,강원도 원주시,033-737-2982,2021-10-31
원주문막농공단지,한국유니온제약(주) 제3공장,033-731-2804,16,보건용 마스크,강원도 원주시 문막읍 문막공단길 250,강원도 원주시 문막읍 반계리 5-8,기타 직물제품 제조업,강원도 원주시,033-737-2982,2021-10-31
원주태장농공단지,한신콤프레샤,033-748-5230,6,공기압축기,"강원도 원주시 태장공단길 54-13 (태장동, 하나계전)",강원도 원주시 태장2동 1720-55번지,기체 펌프 및 압축기 제조업,강원도 원주시,033-737-2982,2021-10-31
원주우산일반산업단지,한일전기(주),033-742-5181,293,"환풍기,믹서,선풍기.가스스토브","강원도 원주시 우산공단길 10 (우산동, 한일전기㈜)",강원도 원주시 우산동 411-6번지,공기 조화장치 제조업 외 11 종,강원도 원주시,033-737-2982,2021-10-31
원주우산일반산업단지,한주물산(주),033-742-4903,14,"형광등기구,형광등용안정기",강원도 원주시 우산공단길 38 (우산동),강원도 원주시 우산동 333-15번지,변압기 제조업 외 2 종,강원도 원주시,033-737-2982,2021-10-31
원주문막지방산업단지,해돋이식품,033-732-2632,8,누룽지,강원도 원주시 문막읍 문막공단길 103 (㈜영화제이공장),강원도 원주시 문막읍 반계리 2236-4번지,기타 곡물 가공품 제조업,강원도 원주시,033-737-2982,2021-10-31
원주문막지방산업단지,해태가루비(주),033-732-9996,103,감자스넥,강원도 원주시 문막읍 문막공단길 154,강원도 원주시 문막읍 반계리 2235번지,과자류 및 코코아 제품 제조업,강원도 원주시,033-737-2982,2021-10-31
원주동화농공단지,현메딕스,033-742-5745,7,"의료용 압력계, 천자침, 에어필터",강원도 원주시 문막읍 동화공단로 101-1,강원도 원주시 문막읍 동화리 1665-2번지,정형외과용 및 신체보정용 기기 제조업 외 1 종,강원도 원주시,033-737-2982,2021-10-31
원주문막농공단지,후성정공(주),033-731-7481,79,"밸브류(PLUG,DIAPHRAGM VALVE), PFA PACKING & PEEK",강원도 원주시 문막읍 문막공단길 51 (후성정공공장),강원도 원주시 문막읍 반계리 5-17번지,그 외 기타 플라스틱 제품 제조업 외 1 종,강원도 원주시,033-737-2982,2021-10-31
원주동화농공단지,휴린트,033-747-6250,9,의료용전극,"강원도 원주시 문막읍 동화공단로 147-1, 115호",강원도 원주시 문막읍 동화리 1667-7번지 115호,그 외 기타 전자부품 제조업,강원도 원주시,033-737-2982,2021-10-31
